1001069    3858600	
1012404    3858271	
1013858    3859113	
1018881    3858660	
1020004    3859029	
1021757    3858733	
1023526    3858400	
1023750    3859205	
1027663    3858826	
1031052    3858570	
1033668    3858833	
1035529    3858664	
1039359    3858838	
1039909    3858671	
1042477    3858421	
1046842    3858646	
1050300    3858559	
1052200    3858993	
1052218    3858584	
1058311    3858823	
1071846    3858424	
1082287    3858642	
1082432    3858917	
1082926    3858470	
1090171    3858374	
1092080    3858251	
1101517    3859002	
1101730    3858496	
1105443    3859173	
1106315    3858592	
1106732    3858251	
1108748    3858318	
1111752    3858715	
1114621    3858870	
1115872    3858494	
1120751    3858465	
1122456    3858722	
1123653    3858872	
1126294    3858342	
1127925    3859026	
1129178    3858793	
1130020    3858705	
1130716    3858280	
1130811    3858788	
1131224    3858843	
1133254    3858920	
1136708    3858888	
1137078    3858272	
1143212    3858704	
1144085    3858874	
1144537    3858920	
1144742    3858705	
1145447    3858705	
1148065    3858482	
1152111    3858462	
1152208    3859030	
1153168    3859197	
1153585    3858545	
1153832    3858705	
1156644    3858726	
1157314    3858596	
115917    3858913	
1167899    3858996	
1170877    3858453	
1173784    3858477	
1177463    3858840	
1178734    3858744	
1180363    3859152	
1182488    3858515	
118433    3858725	
1185538    3858335	
1185560    3858788	
1190777    3858644	
1191725    3858986	
1197997    3859046	
1203153    3858600	
1203762    3858891	
1203986    3858917	
1209997    3858596	
1212397    3858866	
1220822    3858897	
1223105    3858749	
1223924    3858411	
1230933    3858515	
1232955    3858719	
1233687    3858594	
1235613    3858882	
1236618    3858917	
1241255    3858471	
1241437    3858763	
1244946    3858705	
1246090    3859009	
1254071    3858362	
1256065    3858629	
1260011    3858594	
1266670    3858855	
1267021    3858997	
1268032    3858375	
1269566    3859197	
1272131    3858372	
1274165    3858270	
1276117    3858578	
1279803    3858578	
1290509    3858797	
1292298    3858634	
129311    3858326	
1293693    3858398	
1293777    3858651	
1295875    3858631	
1299135    3858496	
1299890    3858862	
1304103    3858411	
1308464    3858943	
1310211    3858828	
1310586    3859136	
1312347    3858985	
1315755    3858281	
1316883    3859065	
1322313    3858725	
1323148    3858326	
1324234    3858241	
1326511    3858431	
1326561    3858359	
1328044    3859065	
1330260    3858823	
1331793    3858258	
1332642    3858596	
1333458    3858985	
1334896    3858524	
1336010    3858326	
1342036    3858266	
1344437    3859040	
1345300    3858512	
1346053    3858339	
1346792    3858722	
134738    3858835	
1355072    3858718	
1357473    3858541	
1364011    3859134	
1365145    3858767	
1369268    3858477	
1369794    3858376	
1372323    3858705	
1375517    3859163	
1376146    3858939	
1377626    3858270	
1382309    3858425	
1382705    3859010	
1383047    3858461	
1384972    3858348	
1385740    3859080	
1386589    3858525	
1387299    3858849	
1388042    3858853	
1391065    3859108	
1391898    3858464	
1392147    3858871	
1393987    3858601	
1396247    3858871	
1397316    3858624	
139973    3858759	
1400951    3858651	
14040    3858244	
1406222    3858835	
141191    3858846	
1413496    3858878	
1414423    3859195	
1416094    3858637	
1418245    3858808	
1420220    3858376	
1426624    3858871	
1428420    3859152	
1431718    3859022	
1435144    3858398	
1435160    3858592	
1435331    3858603	
1437024    3858432	
1441575    3858537	
1445321    3859155	
1445726    3858838	
1447519    3858882	
1450259    3858591	
1452573    3859182	
1453176    3858468	
1454857    3858280	
1457373    3858343	
1457550    3858280	
1459402    3858666	
1460344    3858866	
1460697    3858578	
1460928    3858530	
1465550    3858803	
1465653    3858376	
1468991    3858531	
1474808    3858400	
1476069    3858639	
1476210    3859008	
1477162    3858816	
1477520    3858376	
1477851    3858286	
1479132    3858669	
1479503    3858275	
1483560    3858413	
1483865    3858412	
1485979    3858567	
1486064    3858494	
1486463    3858349	
1488718    3858691	
1492076    3858421	
1493335    3858505	
1493615    3858891	
1496326    3858807	
1501020    3858320	
1502708    3859197	
1506811    3858729	
1507263    3858587	
1507282    3858999	
1507608    3859163	
1510280    3858909	
1510557    3858570	
1513728    3859197	
1515701    3858242	
151640    3859172	
1519812    3858644	
1521398    3858749	
1522596    3858458	
1524172    3858826	
1534968    3858400	
1537117    3858551	
1539706    3858590	
1540798    3858258	
1542233    3859082	
1543357    3859187	
1547260    3859016	
1550108    3858843	
1550501    3858886	
1550924    3858804	
1553767    3858458	
1562533    3858378	
1564913    3858704	
1566812    3858343	
1570624    3858863	
1571622    3858431	
1572275    3858252	
1573312    3858755	
1573409    3858464	
1582881    3858252	
1582898    3858836	
1584316    3858333	
1584646    3858906	
1585104    3858575	
1589207    3858475	
1590104    3858691	
1600835    3858866	
1600859    3858247	
1605712    3858666	
1609093    3858475	
1610982    3858427	
1611811    3858579	
1612889    3858669	
1616935    3858836	
1621523    3859079	
1623575    3858529	
1627442    3858956	
1630895    3858618	
1631889    3858300	
1632846    3858837	
163309    3858868	
163329    3858906	
1636486    3858557	
1637944    3858987	
1641752    3859079	
1642440    3858749	
1642577    3858418	
1644892    3858744	
1645730    3858641	
164641    3858888	
1647969    3858630	
1648624    3858411	
1650249    3858939	
1650546    3858956	
1651898    3858592	
1660682    3859205	
1662612    3858419	
1662836    3858327	
1664257    3858876	
1664491    3858252	
1666957    3858791	
1667913    3858530	
1668157    3858660	
1668309    3858761	
1668447    3858883	
1668784    3858906	
1669843    3858587	
1670317    3858469	
1671226    3858956	
1671373    3858644	
1672754    3858871	
1674426    3858511	
16749    3858420	
1677770    3858790	
1683411    3858803	
1685557    3858573	
1687341    3858515	
1687498    3858287	
1688570    3859054	
1691598    3858644	
1691976    3858684	
1693711    3858333	
1694292    3858837	
1696551    3858727	
1700121    3858355	
1700550    3858594	
170178    3858368	
1702378    3858427	
1702700    3858339	
1704375    3859008	
170497    3858591	
1706491    3858496	
1708462    3858376	
1708657    3858613	
1708743    3859126	
1714684    3858280	
1715276    3858757	
1722358    3859084	
1723630    3858410	
1724689    3858810	
1726813    3858757	
1728368    3858579	
1730745    3858531	
1730866    3859004	
1732096    3859030	
1732113    3858529	
1732243    3858376	
1737323    3858826	
1740560    3858833	
1743275    3858546	
17445    3858244	
1744877    3858843	
1746415    3858690	
1747536    3858447	
1751915    3859067	
1754330    3858985	
1755152    3858324	
1755807    3858998	
1756210    3858834	
1756807    3858932	
1758451    3858431	
1760604    3858531	
1762776    3858990	
1765784    3859065	
1766217    3858427	
1766871    3859084	
1769271    3858929	
1772670    3858477	
1779414    3858803	
1781098    3858321	
1788429    3858598	
1793914    3859187	
1794517    3858382	
1799604    3858979	
1802940    3858997	
1803344    3859026	
1805471    3858575	
1805759    3858531	
1807824    3858427	
1809117    3858917	
1809508    3858838	
1811300    3858328	
1811494    3858924	
1811781    3858336	
1814616    3858358	
1815194    3858305	
1816494    3858363	
1817067    3858669	
182102    3858590	
1822023    3859163	
1822916    3858997	
1823055    3858717	
1825934    3858674	
1826596    3858719	
1827258    3858865	
1827558    3858432	
182915    3858664	
1830227    3859029	
1831121    3859052	
1833391    3858705	
1833723    3859079	
1834837    3858750	
1836980    3858375	
1837938    3858368	
1838242    3858618	
1838448    3858266	
1838496    3858891	
1838982    3858323	
1839994    3858620	
1840351    3858525	
1840417    3858291	
1843208    3858473	
1843658    3858952	
1844917    3858794	
1845159    3859173	
1845342    3859077	
1845470    3858746	
1846019    3859003	
1846817    3858666	
1849649    3859066	
1851084    3858603	
1852055    3858504	
1852490    3858646	
1853219    3858720	
1854777    3858530	
1859178    3858542	
1860648    3858638	
1862778    3858750	
1862991    3858668	
1864832    3858326	
1866937    3858868	
1867994    3858750	
1871418    3858807	
1873595    3858334	
1874011    3858827	
1876104    3858484	
1876205    3858400	
1877347    3859009	
1878581    3859172	
1878758    3858871	
1878915    3858537	
1879445    3859052	
1881488    3858773	
1882093    3858570	
1883307    3858797	
1883513    3858432	
1884442    3858800	
1887250    3859054	
1888004    3858870	
1890077    3858785	
1896175    3858347	
1896263    3859116	
1898005    3858870	
1898074    3858651	
1899238    3859019	
1899775    3858324	
1901583    3858725	
1901611    3858493	
1903116    3858871	
1905944    3858290	
1908074    3858290	
1908584    3858773	
1909141    3858705	
1909319    3859062	
1911961    3858711	
1912433    3859207,3859208	
1913133    3859086	
1914696    3858942	
1917154    3858397	
1917236    3858876	
1918519    3858834	
1920545    3858601	
1920629    3858985	
1921181    3858794	
1922730    3859213	
1923020    3858361	
1924378    3858537	
1924472    3859161	
1925303    3859033	
1926465    3858716	
1926565    3858604	
1927498    3858623	
1928279    3858601	
1928412    3858673	
1929245    3858298	
1929828    3858705	
1931303    3858876	
1936031    3858668	
1936846    3858326	
1937115    3858442	
1944502    3858592	
1945327    3858586	
1945925    3858837	
1947932    3858835	
1951517    3858704	
1953291    3858493	
1953378    3858559	
1954141    3858464	
1954143    3858853	
1954550    3858511	
1955421    3858999	
1956818    3858428	
1957224    3858714	
1957397    3858914	
1958934    3858931	
1959319    3858282	
1960166    3858432	
1960456    3859019	
1961099    3858900	
1961322    3858952	
1962481    3858365	
1962826    3858377	
1963446    3858281	
1963565    3858408	
1964748    3858706	
1966121    3858511	
1966787    3858644	
1967799    3859217	
1971175    3858266	
1972418    3858694	
197405    3858862	
1976936    3859052	
1977099    3859026	
1977423    3858431	
1980776    3858718	
1987006    3858455	
1995916    3858624	
1996875    3858559	
1999888    3859057	
2001026    3859019	
2004151    3858291	
2005885    3858287	
2007961    3859016	
2008526    3858586	
2008588    3858883	
2010259    3858408	
2010877    3858531	
2010898    3859065	
2012755    3858256	
2014298    3859065	
2016181    3858719	
2016856    3858992	
2017881    3858368	
2019475    3858315	
2021894    3858513	
2022065    3858586	
2022342    3858767	
2022910    3858881	
2025467    3858551	
2025750    3858540	
2025946    3858272	
2027128    3858898	
2028410    3858732	
2029646    3858705	
2035682    3858819	
2039490    3858418	
2040992    3858848	
2041185    3858767	
2041616    3858260	
2042559    3858553	
2042661    3859052	
2043409    3859217	
2043445    3858376	
2043546    3858463	
2043931    3858289	
2044888    3859195	
2045678    3858382	
2045884    3858318	
2047443    3858678	
2047535    3858586	
2048374    3858625	
2049560    3858956	
205069    3858578	
2050728    3858911	
2050950    3858511	
2051899    3858915	
2053031    3858354	
2054460    3858408	
205576    3858590	
2056831    3859064	
2059498    3858862	
205960    3858332	
2060100    3858252	
2064344    3858359	
206648    3859003	
2066724    3858880	
2067196    3858773	
2069266    3858382	
2070959    3858814	
2072303    3858245	
2072372    3858677	
2072984    3858289	
2075267    3858872	
2076299    3858701	
2076521    3858588	
2078003    3858612	
2079387    3858878	
2081248    3858688	
2081536    3858661	
2081888    3858546	
2082277    3858692	
208323    3858631	
2084138    3858363	
2084413    3859207,3859208	
2085586    3859053	
2085957    3858624	
2086008    3858343	
2087432    3858339	
2087685    3858886	
2088430    3858694	
2090436    3858932	
2092852    3858705	
2095805    3858668	
2098564    3858328	
2099594    3858456	
2099657    3858530	
2099887    3858678	
2102270    3858586	
2102842    3858432	
2103502    3858881	
2103617    3858511	
2105309    3859041	
2105405    3858911	
2106335    3858339	
2107034    3858342	
2107427    3858837	
2108554    3858823	
2111985    3858580	
2115010    3858962	
2115115    3858877	
2115591    3858853	
2117080    3858883	
2118276    3858681	
2118953    3858985	
2120986    3858638	
2121202    3858670	
2121317    3858924	
2121606    3858303	
2121961    3858997	
2122396    3858480	
2123156    3858761	
2124956    3858929	
2126292    3859208	
2127285    3858322	
2129225    3858256	
2130311    3858314	
2130610    3858500	
2131291    3858737	
2131315    3858917	
2132148    3858430	
213525    3858442	
2135637    3858942	
2135708    3858909	
2136061    3858922	
2138510    3858677	
2139244    3858408	
2140998    3858376	
2141881    3858899	
2142305    3859000	
2142307    3858644	
2143426    3858324	
2143997    3858924	
2144102    3858862	
2145462    3858592	
2146104    3858625	
2146158    3858505	
2148213    3858301	
2148937    3858831	
2149918    3858995	
2150558    3858898	
2150811    3858678	
2151079    3859174	
2151377    3858470	
2152447    3858491	
2153878    3858686	
2154099    3858283	
2155455    3858487	
2155516    3858406	
2156062    3858625	
2156253    3858793	
2157381    3858283	
2157875    3858551	
2160043    3858659	
2160321    3859176	
2160322    3859176	
2160395    3858300	
2161855    3858725	
2162089    3858717	
2163409    3858378	
2167236    3859065	
2167283    3859066	
2167296    3858265	
2168144    3858894	
2168240    3858717	
2168495    3858927	
2168910    3858834	
2169394    3858631	
2169409    3858339	
2169832    3858884	
2169882    3858271	
2170223    3858952	
2171790    3858647	
2172089    3858697	
2172682    3858833	
2173406    3858338	
2174058    3858885	
2174441    3858375	
2175324    3858496	
2175916    3858378	
2176485    3858708	
2177258    3859033	
2179742    3858497	
2179960    3859087	
2181487    3858359	
2182068    3858545	
2182772    3858660	
2183365    3859077	
2183785    3858786	
2184887    3859077	
2185948    3858837	
2187223    3858400	
2187345    3858442	
2187387    3858410	
2187871    3858402	
2189783    3859113	
2193036    3858618	
2193178    3858559	
2194828    3858746	
2196136    3858342	
2196440    3858489	
2196511    3858688	
2197279    3858596	
2198719    3859132	
2198905    3858913	
2198985    3858374	
2199096    3859147	
2199198    3858311	
2199876    3858500	
2201205    3858743	
2202913    3859014	
2202930    3858952	
2203591    3858410	
2203694    3859150	
2206750    3858872	
2208054    3859016	
2209855    3858413	
2210187    3859118	
2211676    3858244	
2211910    3858511	
2212991    3859028	
2213788    3858827	
2215734    3859082	
2217097    3858755	
2218196    3859016	
2219212    3858718	
221939    3858552	
2219498    3858750	
2221903    3858849	
2222528    3858475	
2223768    3858461	
2224232    3858274	
2224454    3858922	
2225398    3858644	
2225458    3858999	
2225730    3859147	
2226938    3858635	
2228106    3859147	
2228453    3858693	
2229003    3858279	
2229248    3858847	
2232561    3859066	
2232978    3858580	
223332    3858620	
2233471    3858913	
2237585    3858862	
2238306    3858924	
2238382    3859085	
223904    3858713	
2239192    3858412	
2240143    3858934	
2242737    3858719	
2244935    3858495	
2245077    3859077	
2245420    3858316	
2245809    3858901	
2248082    3858956	
2248533    3858589	
2248701    3858910	
2250572    3859152	
2251197    3858732	
2252256    3858644	
2255104    3858705	
2255227    3859205	
2256104    3858364	
2256557    3858908	
2257040    3858889	
2257408    3858496	
2258327    3858911	
2258560    3858374	
2259480    3858564	
2260453    3859027	
2260979    3858484	
2261565    3858360	
2263477    3858918	
2264251    3859185	
2264962    3858917	
2265875    3858953	
2266724    3858339	
2267384    3858283	
226884    3858847	
2269661    3859154	
2270007    3858500	
2272780    3858985	
2272884    3858838	
2273773    3858283	
2274232    3858394	
2276945    3858482	
2277147    3858971	
2277725    3858785	
2278390    3858835	
2280442    3858721	
2280812    3859210	
2280836    3858316	
2281038    3858935	
2281684    3858838	
2281902    3858718	
228233    3858462	
2282540    3859126	
2282854    3858311	
2283355    3858569	
2285930    3858493	
228598    3858749	
2288857    3858654	
2289267    3858462	
2289323    3858316	
2290722    3858770	
2290979    3858358	
2291563    3858608	
2292141    3858275	
2292181    3858487	
2292303    3858455	
2293144    3858834	
2294197    3858272	
2295904    3858889	
2296636    3859109	
2298443    3859095	
2299019    3859021	
2299180    3858918	
2300759    3859023,3859024	
2301699    3858818	
2303088    3858552	
2303849    3859041	
2304766    3858411	
2306662    3859083	
2307413    3859038	
2307752    3858838	
2307899    3858364	
2309049    3858921	
2310037    3858353	
2311823    3858833	
2312223    3858556	
2312762    3858287	
2313225    3858418	
2313750    3859113	
2315349    3859155	
2317428    3858370	
2317574    3858639	
2318278    3858790	
2318291    3858384	
2319018    3858720	
2319897    3858922	
2320239    3858512	
2320529    3858546	
2321082    3858759	
2321916    3858837	
2323096    3858343	
2325335    3858969	
2325517    3858358	
2329114    3859113	
2329169    3858593	
2329368    3858599	
2329729    3858317	
2330306    3858752	
2331472    3858253	
2332042    3858862	
2332630    3858842	
2334257    3858321	
2334586    3859046	
2334841    3858578	
2335376    3858378	
2337347    3858572	
2337550    3859016	
2339304    3858789	
2339897    3858300	
2340853    3858291	
2340866    3858379	
2341500    3858654	
2347510    3858995	
2350521    3859107	
2351425    3858291	
2351513    3858619	
2351537    3858547	
2353027    3858999	
2353831    3858993	
2354147    3859146	
2354169    3858922	
2354428    3858668	
2354558    3858889	
2354961    3858412	
2355082    3858472	
2355608    3858676	
2356122    3858505	
2356334    3859142	
2357089    3859109	
2358666    3858686	
2358750    3858998	
2359517    3858342	
2359594    3858362	
2360830    3858617	
2362022    3859210	
2365695    3858766	
2366602    3858787	
2366652    3858349	
2367326    3858559	
2368930    3858257	
2370455    3858725	
2372710    3858484	
2373638    3858552	
2373722    3858529	
2374685    3858566	
2377274    3858580	
2380052    3858718	
2380821    3859082	
2380932    3858328	
2380945    3859153	
2381649    3858761	
2381741    3858486	
2382109    3858586	
2385005    3858443	
2385766    3859124	
2386477    3858692	
2386842    3858556	
2387073    3858308	
2387193    3858358	
2387335    3858635	
2387718    3859032	
2389412    3858842	
2394493    3858964	
2394884    3858318	
2395374    3858302	
2397382    3858399	
2398035    3858408	
2399631    3858312	
2400008    3858312	
2401734    3858955	
2403021    3859213	
2403384    3858759	
2406668    3858993	
2407168    3859016	
2407721    3858530	
2409325    3859045	
2409397    3858737	
2411455    3858695	
2412138    3859113	
2413401    3859023,3859024	
2413467    3858662	
2415621    3858644	
2422862    3858899	
2423658    3858266	
2423786    3858324	
2425032    3859126	
2425675    3858270	
2425916    3858952	
2428157    3858500	
2430962    3858940	
2431087    3858327	
2433950    3858930	
2436507    3858320	
2437135    3858260	
2437344    3858827	
2439305    3858715	
2439569    3858413	
2441300    3859149	
2441894    3858445	
2443131    3858878	
2444326    3858527	
2446021    3858278	
2446996    3859084	
2447105    3858345	
2449759    3858378	
2449824    3858409	
2450511    3858275	
2450790    3858808	
2451504    3858275	
2454777    3858369	
2455466    3858889	
2455544    3858913	
2458966    3858885	
2459953    3858370	
2460252    3859182	
2460884    3859205	
2461449    3858397	
2461757    3858559	
2462218    3859148	
2463769    3858909	
2464743    3858725	
2466172    3859108	
2466769    3858627	
2467800    3858905	
2468054    3859120	
2468293    3858802	
2468554    3858328	
2470186    3858952	
2471486    3858428	
2471683    3858641	
2472366    3858516	
2472431    3858836	
2474293    3859095	
2475318    3858350	
2476486    3858666	
2478357    3858860	
2479190    3858783	
2479467    3858899	
2479603    3859135	
2479934    3858860	
2482166    3858749	
2482180    3858815	
2483545    3858808	
2484217    3858434	
2484644    3858942	
2485887    3858516	
2486805    3858585	
2487789    3858516	
2491883    3858333	
2492407    3859053	
2492479    3858410	
2494776    3858587	
2495174    3859155	
2495350    3858405	
2495408    3858837	
2495599    3858271	
2495731    3859082	
2497329    3858918	
2499230    3858838	
2500405    3858839	
2500679    3858408	
2501307    3858525	
2501894    3858954	
2501960    3858645	
2502561    3858717	
2503491    3858481	
2504184    3858407	
2504749    3858836	
2506117    3858470	
2506598    3859078	
2506911    3858761	
2508063    3858378	
2508461    3858880	
2508615    3858604	
2509984    3858763	
2510657    3859010	
2511872    3858516	
2512438    3858697	
2512748    3858291	
2513523    3858808	
2515338    3858954	
2515614    3859194	
2516586    3858647	
2517060    3858986	
2517482    3858583	
2518060    3858252	
2519588    3859014	
2519706    3858719	
2520597    3859108	
2522060    3858882	
2522787    3858403	
2524894    3858846	
2526286    3858627	
2526371    3858347	
2526635    3858447	
2527257    3859077	
2527611    3859086	
2528431    3858325	
2528739    3858487	
2531139    3858677	
2531440    3858303	
2532770    3858318	
2532857    3858355	
2533191    3858544	
2533799    3858996	
2534894    3858833	
2537467    3858534	
253889    3858824	
2540842    3858767	
2540919    3858272	
2543924    3858834	
2543998    3858324	
2544490    3858644	
2544589    3858871	
2545292    3858869	
2547002    3858686	
2547947    3858911	
2552090    3859016	
2553719    3858708	
2555732    3858704	
2556349    3858859	
2562336    3858479	
2562483    3858993	
2562497    3858835	
2563113    3858635	
2563248    3858922	
2563386    3858344	
2563671    3858936	
2563903    3859195	
2564602    3858618	
2566870    3858747	
2567170    3858991	
2568671    3858889	
2569175    3858660	
2569665    3858378	
2573989    3858562	
2574239    3858743	
2574902    3859153	
2577917    3858542	
2578220    3858926	
2579373    3858804	
2579531    3859195	
2580419    3858659	
2580628    3858575	
2581440    3858964	
2581941    3858692	
2582876    3858971	
2583035    3859150	
2583842    3859021	
2584231    3858318	
2584514    3859018	
2586058    3858798	
2586176    3858340	
2586936    3858538	
2587630    3859194	
2588450    3859195	
2589291    3858692	
2589426    3858582	
2589703    3858392	
2590200    3858705	
2590803    3858752	
2590835    3859080	
2591546    3859018	
2591925    3858318	
2592936    3858313	
2593505    3859078	
2594981    3858344	
2596332    3858996	
2596414    3858659	
2596655    3858908	
2596860    3858774	
2597706    3858687	
2598606    3859213	
2598714    3859080	
2598858    3858870	
2599580    3858269	
2600187    3858599	
2600240    3858570	
2600254    3858785	
2600611    3858899	
2600871    3859217	
2600883    3858882	
2600887    3858845	
2600922    3858529	
2601793    3858424	
2602415    3858552	
2602446    3858581	
2602479    3858500	
2602584    3858749	
2606406    3858366	
2608269    3859037	
2609953    3858847	
2610628    3858580	
2611634    3858917	
2613649    3858484	
2614768    3858920	
2615062    3859053	
2618055    3858316	
2619916    3858626	
2621372    3858278	
2622365    3858701	
2622583    3858568	
2622891    3858908	
2623531    3858860	
2623670    3858746	
2624652    3859088	
2625071    3858479	
2625719    3858640	
2625944    3858860	
2627270    3858581	
2630941    3858749	
2631455    3858328	
2631681    3858901	
2632431    3858914	
2633796    3858514	
2634832    3858364	
2635068    3859108	
2635338    3858322	
2635670    3858244	
2637139    3858349	
2639025    3858473	
2639731    3858912	
2640697    3858877	
2640793    3858319	
2641087    3858358	
2641215    3858543	
2642724    3858406	
2642809    3858483	
2643581    3858990	
2644473    3858595	
2646305    3858928	
2647353    3858384	
2649852    3858495	
2651144    3858378	
2651242    3859027	
2651483    3858370	
2651612    3859193	
2652770    3858432	
2653362    3858647	
2653887    3858617	
2654371    3858588	
2655345    3858850	
2656637    3858481	
2657591    3858458	
2662586    3858935	
2663155    3858842	
2663657    3859111	
2663812    3858378	
2663952    3858338	
2664273    3858667	
2664716    3858410	
2664961    3858644	
2665035    3858360	
2665710    3858599	
2665740    3858934	
2665757    3859152	
2665869    3858827	
2665963    3858253	
2665982    3859078	
2668342    3858364	
2668523    3858644	
2670871    3858747	
2671951    3858311	
2672002    3858383	
2673965    3858907	
2674559    3859150	
2675829    3858600	
2677461    3858359	
2677551    3858898	
2677837    3858266	
2679140    3859037	
2679684    3858864	
2679774    3858942	
2680522    3858835	
2681324    3859120	
2682386    3858607	
2682850    3858540	
2682974    3859154	
2683036    3858886	
2683619    3858922	
2683626    3858812	
2684268    3858910	
2684558    3858359	
2686530    3858632	
2686532    3858842	
2687875    3858670	
2689016    3858679	
2691817    3858318	
2691901    3858459	
2692663    3858691	
2692798    3858761	
2692944    3859140	
2693358    3858878	
2693882    3859214	
2694500    3858738	
2694544    3858840	
2694791    3858651	
2696049    3858358	
2696134    3858465	
2696764    3858867	
2698232    3859056	
2698689    3858693	
2699311    3858933	
2699732    3858525	
2700407    3858427	
2701412    3858812	
2701546    3858551	
2702199    3858878	
2702216    3858288	
2702225    3858253	
2703109    3858617	
2705022    3858619	
2705120    3858527	
2705362    3858827	
2706020    3858457	
2706142    3859045	
2707503    3858501	
2707838    3858331	
2707850    3858378	
2708265    3858962	
2709817    3858255	
2709934    3858423	
2710550    3858423	
2711802    3858692	
2712346    3858932	
2712498    3859060	
2712677    3858555	
2712794    3858486	
2712945    3858775	
2713201    3858315	
2713408    3858733	
2714114    3859217	
2714416    3859159	
2714760    3858321	
2714861    3858497	
2715051    3858456	
2716027    3858874	
2716079    3858859	
2716321    3858384	
2716485    3858726	
2717695    3859206	
2717946    3859128	
2719781    3859149	
2720005    3858275	
2720341    3858772	
2720425    3859205	
2722092    3858362	
2722170    3858355	
2723005    3858690	
2723078    3858792	
2723655    3858566	
2724116    3858478	
2724155    3858638	
2724562    3858285	
2725921    3858932	
2725964    3858698	
2726419    3858269	
2726436    3859059	
2727297    3858285	
2727839    3859148	
2728145    3858325	
2728183    3858660	
2728668    3859100	
2730326    3858599	
2732030    3859065	
2732864    3858613	
2733567    3858947	
2733656    3858705	
2734259    3858647	
2735504    3858677	
2735705    3858994	
2736325    3858591	
2736566    3858930	
2736885    3858966	
2737037    3859037	
2737843    3858836	
2737888    3858515	
2737997    3858733	
2738483    3858959	
2738556    3858275	
2738762    3858548	
2739550    3858536	
2739584    3858568	
2740167    3859000	
2740439    3858501	
2741363    3858426	
2741731    3858674	
2741776    3858250	
2741899    3858403	
2742076    3858428	
2742288    3858517	
2743196    3859128	
2743232    3859043	
2743815    3859206	
2744635    3858496	
2745438    3858613	
2745542    3858518	
2746135    3858635	
2746221    3858381	
2747536    3858541	
2748699    3858511	
2748805    3858617	
2748879    3858730	
2748938    3859207,3859208	
2749257    3859124	
2749922    3858589	
2750152    3858848	
2752267    3859116	
2752631    3859029	
2754086    3858669	
2754101    3858940	
2754807    3858556	
2755047    3858623	
2755954    3858807	
2756029    3859174	
2756172    3858282	
2756361    3858378	
2756765    3858404	
2757656    3859013	
2758296    3858531	
2758592    3858567	
2758719    3859216	
2760863    3859091	
2761179    3858278	
2761348    3858478	
2762422    3858938	
2764199    3858767	
2764234    3859174	
2764286    3858726	
2764869    3858688	
2765243    3858273	
2766811    3858819	
2766826    3858704	
2766929    3858685	
2766992    3858898	
2767854    3858725	
2768578    3858511	
2768635    3858860	
2771214    3858722	
2773617    3859155	
2776083    3858720	
2776151    3858914	
2776610    3858476	
2776778    3858747	
2777621    3858770	
2777783    3859120	
2779116    3858340	
2779565    3858290	
2780376    3858731	
2781577    3858319	
2781611    3858351	
2782476    3858641	
2782969    3858770	
2783024    3858991	
2783509    3858639	
2783946    3858611	
2784132    3858257	
2784424    3858260	
2784474    3858283	
2784769    3858935	
2785494    3858833	
2786326    3858389	
2786471    3858587	
2787190    3858797	
2787289    3858618	
2787435    3858282	
2789042    3858933	
2789049    3859147	
2789526    3858543	
2789650    3858930	
2789674    3858697	
2790591    3858382	
2791210    3858882	
2791377    3858851	
2791695    3858851	
2791881    3858557	
2792255    3858761	
2792868    3858635	
2793148    3859131	
2793776    3858738	
2793870    3858542	
2793900    3858608	
2794648    3858893	
2795223    3858573	
2795438    3858910	
2796334    3859149	
2797530    3858418	
2798042    3859215	
2798505    3858605	
2799417    3858735	
2799598    3858848	
2801579    3858998	
2803865    3858271	
2803872    3858864	
2804417    3859110	
2804681    3858428	
2805017    3858878	
2805064    3858884	
2806358    3858802	
2807431    3858247	
2807982    3858982	
2808276    3858749	
2808329    3859095	
2809036    3858871	
2810941    3858372	
2811041    3858449	
2811342    3858321	
2811700    3858957	
2811937    3858533	
2812275    3858303	
2812793    3858501	
2813622    3858718	
2814151    3858343	
2814859    3858297	
2814907    3858350	
2815718    3858487	
2815971    3858280	
2816067    3859195	
2816539    3858567	
2817867    3858267	
2817893    3858319	
2819154    3859052	
2819920    3858891	
2820107    3858305	
2820462    3858587	
2820502    3858634	
2821145    3858487	
2823151    3859144	
2823900    3858667	
2824789    3858434	
2825409    3859107	
2825945    3858640	
2826140    3858705	
2826265    3859064	
2826500    3858273	
2826872    3858363	
2827862    3859018	
2828162    3858994	
2828165    3858682	
2828180    3859045	
2829909    3858833	
2830380    3858325	
2831606    3858853	
2831686    3858871	
2832270    3858489	
2833638    3859057	
2834122    3858331	
2834645    3858953	
2835245    3858567	
2835920    3858497	
2836271    3858674	
2836882    3858318	
2837063    3858752	
2838025    3858716	
2838266    3858280	
2838924    3858244	
2840029    3858543	
2841161    3858412	
2841313    3858766	
2842777    3858253	
2844500    3859146	
2845469    3859134	
2847196    3858852	
2847806    3859062	
2847853    3858437	
2847938    3858483	
2848088    3858514	
2848323    3859080	
2848776    3858991	
2848783    3858570	
2848987    3858566	
2849007    3858590	
2849758    3859000	
2851770    3858428	
2851815    3858343	
2852370    3859095	
2853296    3858490	
2854031    3858617	
2855293    3859078	
2855695    3859002	
2855814    3858467	
2855817    3858478	
2856452    3858914	
2857192    3858922	
2859567    3858361	
2860758    3858704	
2860975    3859095	
2861324    3858956	
2862367    3858614	
2863346    3858298	
2863549    3858704	
2863599    3858791	
2863690    3858920	
2864346    3858559	
2865050    3859023,3859024	
2865830    3859194	
2866982    3858255	
2867037    3858319	
2867111    3858688	
2867149    3858981	
286736    3858340	
2867417    3858647	
2868141    3858497	
2869141    3858250	
2869143    3858254	
2871554    3858991	
2873988    3858956	
2875008    3858528	
2875047    3859091	
2875449    3858248	
2875978    3858800	
2876062    3858273	
2876182    3859052	
2876377    3859072	
2877078    3858955	
2877693    3859163	
2878084    3858950	
2879059    3858864	
2879549    3858276	
2879681    3858467	
2881579    3858660	
2881616    3858800,3858801	
2881840    3858653	
2882043    3858831	
2882973    3858654	
2883675    3858250	
2884852    3858704	
2885718    3858271	
2886015    3858391	
2887145    3858429	
2887224    3858426	
2887409    3859124	
2888159    3858743	
2888162    3858570	
2888752    3858328	
2888935    3858587	
2889064    3858738	
2889176    3858682	
2889390    3859027	
2889583    3859156	
2891268    3858715	
2891383    3858688	
2891782    3858943	
2891795    3858882	
2892312    3858393	
2892797    3859153	
2894744    3858975	
2894833    3859082	
2895192    3858635	
2895426    3858486	
2895702    3858723	
2895759    3858891	
2896239    3858267	
2897329    3858549	
2897836    3858607	
2897859    3858631	
2897949    3858732	
2899009    3858684	
2899068    3859213	
2899251    3858953	
2900052    3858700	
2900663    3859023,3859024	
2901374    3858514	
2901801    3858279	
2902838    3858405	
2903021    3858623	
2904068    3858607	
2904225    3858773	
2904768    3858961	
2905260    3858680	
2905371    3858787	
2905491    3858846	
2906064    3858361	
2907097    3858285	
2907151    3858361	
2909822    3858282	
2909902    3858802	
2910164    3858704	
2910580    3859140	
2910652    3858275	
2911979    3858587	
2912700    3858244	
2912902    3858392	
2914146    3858887	
2915790    3858275	
2915926    3858860	
2916395    3859111	
2916792    3858519	
2916812    3858298	
2916970    3858481	
2917302    3858925	
2917439    3859131	
2917818    3859061	
2918095    3858629	
2918151    3859000	
2918960    3858634	
2919205    3859125	
2919207    3859129	
2920689    3859033	
2920917    3858928	
292095    3858987	
2921246    3859131	
2921386    3858334	
2921464    3858370	
2922283    3858399	
2922815    3859175	
2923254    3858520	
2924430    3858845	
2924876    3858687	
2925177    3859206	
2925186    3858731	
2925273    3858876	
2926378    3858269	
2926478    3858383	
2927812    3858921	
2930197    3858397	
2930295    3858998	
2930513    3858764	
2931129    3858989	
2932278    3858514	
2932629    3859189	
2933045    3859008	
2933196    3858988	
2933211    3858734	
2933373    3859077	
2933416    3859112	
2933941    3859001	
2934199    3858454	
2934400    3859042	
2934430    3859147	
2936712    3858393	
2936921    3859155	
2936945    3858791	
2936962    3858816	
2937052    3858610	
2937678    3858500	
2937742    3858717	
2937756    3859216	
2937794    3858767	
2937856    3858627	
2938239    3858759	
2938618    3858702	
2939207    3858635	
2939384    3858495	
2939589    3858530	
2939603    3858752	
2939754    3858952	
2940300    3858677	
2941828    3858994	
2941883    3859079	
2941966    3859162	
2942599    3858566	
2943754    3858927	
2943937    3859097	
2944848    3858921	
2945241    3858254	
2945321    3858352	
2945540    3858651	
2947114    3859070	
2947330    3858629	
2947432    3858742	
2948614    3859100	
2949611    3858243	
2949859    3859008	
2949981    3858375	
2950629    3858459	
2950697    3858540	
2950771    3858664	
2951167    3858378	
2952259    3858585	
2952260    3858585	
2954998    3858901	
2955000    3858720	
2955573    3858666	
2955773    3858285	
2956582    3858604	
2956686    3858835	
2956717    3858776	
2957341    3858441	
2957379    3858476	
2958963    3858336	
2959207    3858934	
2959891    3858351	
2960714    3858749	
2961349    3859112	
2962196    3858764	
2962597    3858391	
2962812    3858321	
2964916    3858404	
2965207    3858700	
2966709    3858640	
2966860    3859014	
2966969    3858699	
2967080    3858527	
2968094    3858313	
2968327    3858676	
2968441    3858771	
2969218    3858607	
2969967    3859040	
2970667    3858688	
2971605    3859033	
2972386    3858664	
2972495    3858990	
2972724    3858311	
297274    3858584	
2972765    3858787	
2972962    3858486	
2973566    3858847	
2973576    3858317	
2974748    3859065	
2975598    3858692	
2975931    3858786	
2976041    3858878,3858879	
2976257    3859120	
2976649    3858369	
2976819    3858525	
2976970    3858375	
2978072    3858463	
2978273    3858930	
2978392    3859183	
2978748    3859017	
2978928    3858459	
2979208    3859216	
2980139    3858607	
2981366    3858682	
2982569    3858912	
2983087    3858789	
2983414    3858774	
2984251    3858598	
2984427    3858821	
2984846    3858260	
2985398    3858821	
2985490    3858610	
2985552    3858632	
2987024    3858541	
2987096    3858425	
2987108    3858819	
2987330    3858355	
2987394    3859079	
2988099    3858602	
2988234    3858707	
2988260    3858787	
2988284    3858807	
2990000    3858511	
2990026    3858673	
2990132    3858826	
2990162    3858646	
2990275    3859080	
2991750    3858260	
2992174    3859165	
2992586    3859071	
2992997    3859132	
2993091    3858679	
2994200    3858397	
2994298    3858340	
2994905    3858887	
2996284    3858847	
2996376    3859081	
2996553    3858346	
2996971    3858491	
2997042    3858567	
299712    3858921	
2997831    3859062	
2998202    3858816	
2998809    3858695	
2998860    3858677	
2999275    3858514	
2999679    3858831	
3000092    3859143	
3000113    3858340	
3001245    3858375	
3001392    3858420	
3001650    3858693	
3001660    3859155	
3001718    3858275	
3001950    3859047	
3002308    3858879	
3002365    3858920	
3003733    3858993	
3004236    3858960	
3004279    3858359	
3004581    3858784	
3004745    3858529	
3005283    3858352	
3005456    3858585	
3005490    3859163	
3005562    3858675	
3005795    3859120	
3005863    3859136	
3006434    3858683	
3006443    3858664	
3006701    3858950	
3007191    3858359	
3007243    3858992	
3007266    3858662	
3007878    3859153	
3008187    3859113	
3008230    3858319	
3008306    3858408	
3008596    3858735	
3008601    3859119	
3009156    3858780	
3009621    3858720	
3009820    3859107	
3011567    3858667	
3011918    3859088	
3012879    3859081	
3012973    3859153	
3013242    3858956	
3013697    3858853	
3014011    3859042	
3014433    3858525	
3014488    3858595	
3014501    3858618	
3014723    3858877	
3015131    3859023,3859024	
3015302    3859113	
3015303    3859113	
3016414    3859141	
3016600    3858461	
3016757    3858454	
3016823    3859090	
3017152    3858723	
3017205    3858996	
3017830    3858511,3858512	
3017896    3858599	
3017934    3858401	
3018001    3858757	
3019755    3858541	
3019867    3858887	
3020965    3858398	
3022377    3858679	
3022581    3858330,3859004	
3022588    3858713	
3022604    3858354	
3023727    3858547	
3023876    3858702	
3023995    3858613	
3024644    3858437	
3024751    3858539	
302517    3858542	
3025988    3858742	
3026019    3858791	
3027560    3858782	
3028008    3859207,3859208	
3028052    3858853	
3028254    3859112	
3028924    3858412	
3028987    3858298	
3029162    3859144	
3029236    3859211	
3030039    3858816	
3030043    3858819	
3030688    3859021	
3030879    3858432	
3031118    3858777	
3031344    3859128	
3031356    3859161	
3032144    3858700	
3032196    3859207,3859208	
3032441    3858623	
3033016    3858280	
3033437    3858787	
3034275    3858383	
3034668    3858731	
3036449    3858417	
3038499    3858607	
3038528    3858637	
3038597    3858335	
3038799    3859088	
3039505    3858814	
3039910    3859149	
3040636    3858997	
3040672    3858483	
3040881    3858726	
3040941    3858770	
3041026    3858899	
3041064    3858866	
3042030    3858571	
3042144    3858682	
3042248    3858752	
3042544    3859122	
3043476    3858732	
3043493    3858791	
3044233    3858382	
3045294    3858268	
3045587    3858514	
3045777    3858682	
3045932    3858812	
3046325    3859136	
3046509    3858312	
3046950    3858487	
3047157    3858829	
3047186    3858750	
3047208    3859205	
3047235    3858751	
3047409    3859114	
3047423    3859129	
3047492    3859215	
3048212    3858298	
3048320    3858788	
3048433    3858994	
3048982    3858395	
3049166    3859155	
3049285    3858685	
3049766    3858982	
3050346    3858947	
3051014    3858452	
3051216    3858429	
3051683    3859119	
3052146    3858469	
3052475    3858890	
3052526    3859068	
3053077    3859209	
3053533    3858347	
3053598    3858528	
3054117    3858249	
3054153    3858372	
3054444    3859173	
3055273    3859001	
3055390    3858412	
3055462    3858988	
3055481    3858712	
3055536    3858750	
3055691    3858918	
3055852    3859120	
3056325    3858475	
3059471    3858433	
3059597    3858251	
3059618    3858666	
3059873    3858822	
3059926    3858886	
3059966    3858934	
3060453    3858252	
3060525    3858356	
3060566    3858313	
3061537    3859195	
3061664    3859126	
3062283    3858655	
3062337    3858373	
3062474    3858822	
3062563    3858775	
3062737    3858499	
3063136    3858312	
3063192    3858352	
3063466    3858599	
3064399    3858321	
3065507    3858356	
3065579    3858367	
3065860    3858530	
3065875    3858756	
3066405    3858319	
3066912    3859005	
3067466    3859015	
3067536    3858727	
3068094    3859079	
3068805    3858486	
3069151    3858452	
3069169    3858881	
3069257    3859147	
3069751    3858721	
3069990    3858975	
3070116    3858599	
3070495    3858346	
3071427    3859045	
3071639    3859140	
3072285    3858752	
3072382    3858849	
3072383    3858849	
3072499    3858635	
3072984    3859134	
3073254    3858487	
3073278    3858456	
3074565    3858472	
3076324    3859114	
3076360    3858424	
3076585    3858784	
3077311    3858385	
3077634    3859026	
3078081    3858940	
3078656    3858675	
3078849    3859125	
3078916    3859034	
3078923    3858650	
3078955    3858683	
3078997    3859207,3859208	
3079253    3859089	
3080364    3859074,3859075	
3080445    3859134	
3080893    3858617	
3081519    3859031	
3081661    3858321	
3082277    3859143	
3083854    3859117	
3084390    3859030	
3084420    3858309	
3086477    3858486	
3086661    3858928	
3086726    3858821	
3087438    3859012	
3087550    3858653	
3087630    3858730	
3087679    3858807	
3089215    3858846	
3089269    3858727	
3089788    3858548	
3090261    3858471	
3090383    3858582	
3090586    3858831	
3090697    3859112	
3090702    3859144	
3090824    3859141	
3090973    3858260	
3091239    3858581	
3091423    3858491,3858727	
3091612    3859124	
3091818    3858357	
3092049    3858251	
3092182    3858651	
3092207    3858684	
3092479    3859065	
3092510    3859129	
3092525    3858392	
3094015    3858471	
3094078    3858483	
3094258    3858723	
3094261    3858704	
3094751    3858321	
3095945    3858688	
3096139    3859045	
3096653    3858449	
3096666    3858459	
3097145    3858492	
3097369    3858253	
3097488    3859006	
3097496    3858404	
3097844    3858777	
3098275    3858991	
3098636    3858843	
3098724    3859058	
3099382    3858788	
3099837    3858780	
3100569    3858382	
3100581    3859058	
3100924    3858848	
3102616    3858530	
3102715    3858848	
3102833    3858392	
3103728    3859150	
3104116    3858897	
3104678    3858602	
3105337    3858381	
3105462    3858555	
3105540    3859033	
3106131    3858392	
3106703    3858310	
3108073    3858549	
3108462    3858417	
3108623    3858261	
3108733    3858720	
3109517    3858689	
3109569    3858774	
3109917    3859057	
3110093    3858318	
3110102    3858303	
3110255    3858511	
3110411    3858743	
3110478    3858848	
3110494    3858876	
3111203    3859000	
3111777    3858338	
311220    3858339	
3113582    3858598	
3113690    3858752	
3113862    3859081	
3114176    3858372	
3114399    3858625	
3114422    3858651	
3114431    3858677	
3115280    3859012	
3115368    3858935	
3115371    3858610	
3115952    3858692	
3116062    3858873	
3116193    3859155	
3116249    3859211	
3116666    3858666	
3116922    3858870	
3116940    3858907	
3117650    3858677	
3117779    3858871	
3118393    3858626,3858707	
3118709    3858949	
3119289    3858428	
3119618    3858876	
3120012    3858261	
3120030    3858276	
3120271    3858653	
3120303    3858631	
3120761    3858626	
3120830    3858543	
3120891    3858710	
3120977    3858933	
3121000    3858330,3859004	
3121450    3858815	
3121580    3858919	
3121918    3859023,3859024	
3122171    3858615	
3122284    3858764,3859142	
3122826    3858295	
3123075    3859125	
3123342    3858852	
3124370    3858901	
3124725    3858514	
3125007    3858489	
3125046    3858536	
3125294    3858806	
3126855    3858541	
3126915    3858607	
3127243    3859174	
3127661    3858471	
3127884    3858566	
3128186    3859100	
3128205    3858547	
3128642    3858460	
3128710    3859014	
3128900    3858739	
3129535    3858361	
3129728    3858625	
3129888    3858807	
3130599    3858456	
3130699    3858432	
3131008    3858942	
3131019    3858973	
3131080    3859094	
3131364    3858275	
3131967    3858643	
3133660    3858746	
3133796    3859059	
3134163    3858310	
3135189    3858494	
3135224    3858525	
3135653    3859163	
3136007    3859054	
3136263    3858486	
3136649    3858544	
3137017    3858264	
3137029    3859022	
3137047    3858311	
3137082    3858341	
3137192    3858475	
3137359    3858672	
3137591    3858545	
3137592    3859108	
3137705    3859183	
3138658    3858647	
3138985    3858476	
3139119    3858623	
3139282    3858878	
3139284    3858889	
3139337    3859147	
3139595    3858275	
3139722    3858557	
3139760    3859012	
3140107    3858686	
3140130    3858288	
3140188    3859130	
3140600    3858437	
3140858    3858399	
3140947    3858636	
3140986    3858397	
3141426    3858535	
3141848    3858549	
3141865    3858852	
3142113    3858298	
3142262    3858487	
3143009    3858423	
3143036    3858970	
3143150    3858623	
3143200    3858705	
3143295    3858761	
3143365    3858846	
3143441    3859141	
3143478    3859165	
3144331    3859091	
3144859    3858644	
3145418    3859027	
3145800    3858677	
3146465    3858243	
3147518    3858375	
3147562    3858357	
3147648    3858424	
3147653    3858779	
3147895    3858768	
3148456    3858451	
3148624    3859010	
3148928    3858960	
3149027    3859163	
3149585    3859026	
3149993    3859111	
3150592    3859012	
3151048    3859194	
3151510    3858302	
3151875    3858900	
3152558    3858525	
3152568    3858877	
3152569    3858541	
3152704    3858939	
3152934    3859083	
3153531    3858853	
3153875    3858882	
3153911    3858688	
3153987    3858487	
3154012    3858512	
3154412    3859080	
3154506    3859120	
3156737    3859201	
3156927    3858243	
3157933    3859020	
3158170    3858599	
3158236    3858374	
3159015    3858417	
3159348    3858806	
3159407    3858950	
3159530    3858623	
3159877    3859017	
3160076    3858396	
3161109    3858972	
3161309    3858928	
3162097    3858781	
3162246    3858653	
3162325    3858759	
3163165    3858586	
3163291    3858892	
3163378    3858831	
3163943    3858265	
3163971    3858365	
3164486    3859113	
3165217    3858736	
3165308    3858858	
3165692    3859012	
3165799    3859153	
3165953    3858708	
3166316    3858879	
3166957    3858461	
3167127    3858648	
3167166    3858703	
3167423    3859147	
3167980    3858423	
3168034    3858431	
3168040    3858512	
3168182    3858702	
3168420    3859137	
3168778    3858310	
3169423    3858424	
3169692    3858791	
3170415    3858529	
3170552    3858697	
3171805    3859212	
3172194    3858785	
3172353    3858509	
3172430    3858622	
3172602    3858800	
3172844    3859206	
3173160    3858541	
3173204    3858892	
3173429    3858588	
3173723    3858935	
3173732    3858958	
3174214    3858318	
3175735    3858943	
3176261    3858961	
3176316    3858245	
3177666    3858483	
3178192    3858893	
3178281    3859088	
3179553    3859142	
3179954    3858590	
3181295    3858390	
3181707    3858736	
3181854    3858903	
3181917    3858610	
3181974    3859140	
318212    3858824	
3182618    3858536	
3182747    3858676	
3183560    3858372	
3183955    3858500	
3184050    3858787	
3184058    3858726	
3184104    3858757	
3184209    3858934	
3184436    3858387	
3185022    3858981	
3186025    3858271	
3186067    3858311	
3186737    3858601	
3187320    3858341	
3187371    3858270	
3187739    3858776	
3187744    3858570	
3188057    3858853	
3188598    3858957	
3189086    3859040	
3189207    3859117	
3189385    3858938	
3189490    3858860	
3190013    3858332	
3190111    3858437	
3190393    3858684	
3190711    3858570	
3190843    3858379	
3191676    3858654	
3191682    3858648	
3191693    3858666	
3191717    3858688	
3191811    3858838	
3192094    3859152	
3193035    3858442	
3193207    3858818	
3193300    3858900	
3193327    3858825	
3193366    3859072	
3193929    3858855	
3194262    3858751	
3195458    3858511	
3195623    3859040	
3195783    3858771	
3196008    3858973	
3197307    3859089	
3197376    3859165	
3198348    3858709	
3198412    3858781	
3198529    3858890	
3198631    3859083	
3199289    3858392	
3199392    3858476	
3199461    3858483	
3199942    3859045	
3200003    3859046	
3200740    3858705	
3200958    3858726	
3201081    3858771	
3201901    3858358	
3202234    3858674	
3202267    3858713	
3202436    3858900	
3202437    3858897	
3202950    3858312	
3203002    3858264	
3203033    3858355	
3203058    3858279	
3203480    3858655	
3203772    3859143	
3204301    3858641	
3204343    3858332	
3204574    3858875	
3204732    3858699	
3204768    3859215	
3204835    3858739	
3204987    3858792	
3205587    3858327	
3205630    3858375	
3205884    3858568	
3206137    3858826	
3206247    3858936	
3206338    3859130	
3206391    3859201	
3207343    3858927	
3207666    3858854	
3208106    3858759	
3208162    3858332	
3208330    3858478	
3208397    3858483	
3208575    3858704	
3208686    3858968	
3208778    3858988	
3208888    3858548	
3210103    3858775	
3210145    3859072	
3210876    3858341	
3210988    3858327	
3211061    3858630	
3211226    3858648	
3211338    3858765	
3211496    3858826	
3211606    3858623	
3211645    3859050	
3211813    3858839	
3212270    3858399	
3212274    3859053	
3212369    3858302	
3212415    3858997	
3212500    3858584	
3212890    3859089	
3213642    3858368	
3214932    3858407	
3215592    3859163	
3216286    3858461	
3216317    3858797	
3216388    3858541	
3216513    3858670	
3216882    3858807	
3217285    3858957	
3217942    3859216	
3218109    3858323	
3218724    3858325	
3219244    3858757	
3219367    3858686	
3219470    3859112	
3219487    3859141	
3220022    3858938	
3220331    3858978	
3220588    3858738	
3220692    3859021	
3220718    3858452	
3220886    3859133	
3220921    3858346	
3220960    3858379	
3221341    3858243	
3221673    3859019	
3222035    3858498	
3222112    3858951	
3222724    3859015	
3222745    3858279	
3223033    3858506	
3223207    3858700	
3224506    3858658	
3224594    3858725	
3225886    3858706	
3226053    3858824	
3226111    3858870	
3226243    3859106	
3227031    3858479	
3228160    3858995	
3228167    3859062	
3228346    3858487	
3228391    3858574	
3228474    3858659	
3228801    3859141	
3229369    3858323	
3229388    3858332	
3229470    3858403	
3230105    3858552	
3230687    3858380	
3230740    3858669	
3230844    3858755	
3230860    3858499	
3231029    3858667	
3231058    3858668	
3231120    3858939	
3231150    3858771	
3231303    3858735	
3232296    3858593	
3232439    3858495	
3232771    3859153	
3233349    3858661	
3233579    3859046	
3233887    3858630	
3234880    3859215	
3235040    3859000	
3235108    3858735	
3235174    3858793	
3235246    3858452	
3235417    3859083	
3235418    3858548	
3236389    3858529	
3236543    3858914	
3237066    3859128	
3237739    3858698	
3238052    3859106	
3238068    3859139	
3238540    3858261	
3238579    3859134	
3238647    3858665	
3239225    3858884	
3240313    3858765	
3240406    3858775	
3240513    3858766	
3240744    3859123	
3241581    3858733	
3241886    3858941	
3242058    3859174	
3242687    3858406	
3243903    3858338	
3244509    3859077	
3244605    3859195	
3245129    3859021	
3245187    3858364	
3245565    3858747	
3245588    3858760	
3245703    3858913	
3245786    3859089	
3246618    3858536	
3246895    3858882	
3247044    3859155	
3247068    3859165	
3248923    3858440	
3249436    3859091	
3249669    3859031	
3249926    3858724	
3250655    3859156	
3251365    3858587	
3251600    3858877	
3252270    3859037	
3252312    3858422	
3252428    3858520	
3252671    3858819	
3252686    3858390	
3252867    3859165	
3253331    3859131	
3253484    3858471	
3253726    3858738	
3253947    3858676	
3254355    3858265	
3254449    3858582	
3254626    3858514	
3254714    3858656	
3254805    3858794	
3254942    3858645	
3255053    3858860	
3255556    3858372	
3255706    3858487	
3255737    3858558	
325590    3858601	
3256975    3858721	
3257175    3858852	
3257200    3859147	
3257230    3859061	
3257290    3859174	
3257998    3858562	
3258072    3858655	
3258077    3858671	
3258135    3858928	
3258876    3858356	
3258885    3858371	
3259148    3858911	
3259317    3858802	
3259365    3858463	
3260391    3858926	
3260413    3859051	
3261013    3858341	
3261129    3858270	
3262206    3858315	
3262280    3858404	
3262545    3858716	
3263321    3858421	
3263359    3858357	
3263579    3858998	
3263868    3858760	
3265357    3858688	
3265365    3858852	
3266127    3858304	
3267007    3859131	
3267830    3858418	
3268008    3858653	
3268109    3858800,3858801	
3268118    3858765	
3268260    3858671	
3269300    3858503	
3269470    3858671	
3269517    3858714	
3269863    3859135	
3270382    3859153	
3270469    3858441	
3270672    3859012	
3270685    3858486	
3270949    3858792	
3271819    3858856	
3271940    3858384	
3272218    3858607	
3272609    3859070	
3273281    3858349	
3273445    3858964	
3274736    3858363	
3274757    3859005	
3275035    3858611	
3276611    3858926	
3276616    3858748	
3276801    3858858	
3277270    3858859	
3277620    3858372	
3278000    3858713	
3278028    3859207,3859208	
3278197    3858902	
3278218    3858735	
3278234    3858397	
3279133    3858997	
3279481    3858595	
3279538    3858654	
3279729    3858370	
3279801    3858809	
3280872    3858942	
3280957    3858704	
3281030    3858774	
3281072    3858798	
3281080    3858601	
3281154    3858889	
3281348    3859193	
3282012    3858364	
3282626    3858932	
3283955    3858732	
3284005    3858805	
3284019    3858822	
3284026    3858816	
3284131    3858932	
3284137    3858397	
3284344    3859200,3859202,3859203,3859204	
3284812    3858255	
3284828    3858715	
3285364    3858680	
3285738    3859080	
3286305    3859025	
3286446    3858272	
3286595    3858286	
3286807    3858509	
3287034    3858914	
3287164    3859135	
3287165    3859185	
3287825    3858977	
3287846    3858348	
3288177    3858504	
3288218    3858648	
3289214    3858249	
3289606    3858483	
3289738    3858638	
3289868    3858688	
3290077    3858995	
3290125    3859058	
3290704    3858257	
3290799    3858334	
3290917    3858461	
3291186    3859034	
3291486    3858517	
3291755    3859201	
3292220    3859153	
3292530    3858702	
3292856    3858800,3858801	
3293148    3859132	
3293203    3859120	
3293669    3858936	
3293934    3858459	
3294028    3859014	
3294085    3858586	
3294139    3858262	
3294339    3858824	
3294503    3859070	
3294871    3859120	
3295252    3858418	
3295459    3858486	
3295589    3858357	
3295731    3858768	
3295767    3859207,3859208	
3295886    3858643	
3295999    3859130	
3297130    3858708	
3297166    3858495	
3297233    3859064	
3297484    3859139	
3298987    3859125	
3299456    3858264	
3299806    3858514	
3299812    3858392	
3299837    3859027	
3299839    3858988	
3299976    3858672	
3300017    3858703	
3300938    3858400	
3301032    3858423	
3301527    3858290	
3301611    3858432	
3302803    3858709	
3302961    3858378	
3303736    3858479	
3304558    3858248	
3304683    3858850	
3304820    3858473	
3304860    3858507	
3306277    3858566	
3306283    3858573	
3306447    3859215	
3306497    3858760	
3306735    3859081	
3306850    3859122	
3307446    3858983	
3307830    3858431	
3307982    3859055	
3308054    3859200,3859202,3859203,3859204	
3308491    3858379	
3308543    3858324	
3308885    3858655	
3309987    3858506	
3310174    3859213	
3310242    3859206	
3310290    3858845	
3310421    3858514	
3310430    3859130	
3310438    3859135	
3310865    3858294,3858310	
3310937    3858391	
3311189    3858677	
3311283    3858788	
3311407    3858938	
3311481    3859106	
3312445    3858841	
3313047    3858336	
3313226    3858491	
3313512    3858934	
3314119    3858268	
3314201    3858375	
3314360    3858509	
3315202    3858440	
3315352    3858313	
3315487    3858405	
3315542    3858735	
3315737    3858645	
3315806    3859205	
3315951    3858925	
3316202    3859112	
3316468    3859041	
3316669    3858335	
3316787    3858427	
3316911    3858584	
3317205    3858864	
3318370    3858641	
3318430    3858506	
3318850    3859120	
3319261    3858242	
3319330    3858540	
3319588    3858251	
3319773    3858713	
3319813    3858735	
3319872    3858792	
3320622    3858250	
3320708    3858373	
3320845    3858478	
3320907    3858251	
3321345    3859161	
3322095    3859113	
3322111    3858568	
3322219    3858628	
3322389    3858838	
3322396    3858939	
3322538    3858973	
3322632    3859168	
3322653    3859176	
3323650    3858813	
3323786    3858925	
3323848    3858951	
3323939    3859124	
3323962    3858617	
3324012    3859173	
3324069    3859120,3859123	
3324482    3858250	
3324621    3858365	
3324685    3858416	
3324703    3858429	
3324861    3858587	
3325050    3858722	
3326348    3858704	
3326458    3858796	
3327413    3858661	
3327499    3858416	
3327535    3858450	
3327866    3858623	
3328741    3858907	
3329394    3858843	
3329454    3858846	
3330577    3858905	
3330645    3859078	
3331084    3858250	
3331583    3858607	
3332773    3859145	
3333089    3858509	
3333334    3858514	
3333353    3858337	
3333836    3858751	
3333902    3858944	
3334944    3858936	
3335663    3858511	
3335666    3859011	
3335753    3858569	
3335790    3858646	
3335852    3858721	
3335888    3858814	
3335935    3858787	
3335986    3858623	
3336970    3858321	
3337944    3858785	
3338182    3858523	
3338542    3858718	
3338572    3858858	
3338750    3859141	
3338819    3859200,3859202,3859203,3859204	
3338830    3859122	
3339825    3858789	
3340224    3859131	
3340584    3859156	
3341160    3858530	
3341854    3858514	
3341966    3858343	
3342027    3858386	
3342147    3858528	
3342250    3858640	
3342742    3859210	
3343529    3858573	
3343764    3858826	
3343928    3859061	
3344178    3859175	
3344492    3859021	
3344959    3858762	
3345158    3859128	
3345230    3859156	
3345675    3858271	
3345985    3858570	
3346060    3858671	
3346087    3858706	
3347064    3858827	
3347083    3858297	
3347121    3858473	
3347186    3858528	
3347201    3858541	
3347259    3858606	
3347454    3858795	
3347799    3859128	
3348644    3858696	
3348687    3859215	
3348842    3858876	
3348851    3858458	
3348883    3858397	
3348952    3858492	
3349822    3858470	
3349824    3858815	
3349885    3858509	
3350864    3858383	
3351008    3859112	
3351147    3858688	
3351289    3858552	
3351316    3858841	
3351375    3858931	
3351498    3859143	
3351532    3859165	
3352392    3858460	
3352424    3859210	
3353072    3859208	
3353374    3858413	
3353493    3858486	
3353672    3859207	
3353737    3858780	
3353853    3858850	
3354700    3858438	
3354761    3858286	
3354796    3858489	
3354922    3858418	
3355062    3858786	
3355216    3858941	
3355265    3858635	
3355852    3858374	
3356040    3858707	
3356082    3858563	
3356418    3858671	
3357345    3858505	
3357433    3858586	
3357451    3858485	
3357494    3858653	
3357908    3859191	
3358451    3858395	
335870    3858821	
3358864    3858738	
3359266    3859211	
3359681    3858354	
3359741    3858401	
3359920    3858875	
3360168    3858771	
3360668    3858309	
3360822    3858857	
3360829    3859023,3859024	
3361369    3858813	
3361432    3858891	
3361497    3858950	
3361515    3858836	
3361679    3859120	
3362123    3858375	
3362539    3859213	
3362565    3858756	
3362566    3858750	
3362570    3858748	
3363680    3858914	
3363945    3858940	
3365064    3859214	
3365104    3859010	
3365730    3858250	
3365875    3858386	
3366017    3858487	
3366097    3858697	
3366188    3858651	
3366214    3858702	
3366280    3858761	
3367055    3858481	
3367369    3858840	
3367686    3858848	
3367769    3858535	
3367778    3859093	
3368229    3858264	
3368323    3858503	
3368566    3858587	
3368770    3858817	
3369360    3858675	
3369892    3859085	
3370401    3859063	
3370646    3859005	
3370702    3858718	
3371899    3858831	
3372752    3858658	
3372832    3858747	
3372967    3858955	
3373474    3858298	
3374013    3858618	
3374113    3859129	
3374805    3858750	
3375000    3858665	
3375155    3859114	
3375202    3859210	
3375814    3858566	
3376033    3858831	
3376202    3858733	
3376751    3858450	
3377000    3858765	
3377193    3859120	
3377635    3858255	
3377756    3858377	
3378042    3858621	
3378127    3858702	
3378172    3858748	
3378201    3858805	
3379104    3859000	
3379247    3858654	
3379397    3858831	
3379524    3859085	
3379556    3859128	
3379559    3859117	
3379601    3859155	
3379613    3859166	
3379615    3859165	
3380196    3858359	
3381479    3858400	
3381636    3858725	
3381742    3858641	
3381752    3858648	
3383092    3858394	
3383760    3859180	
3383795    3858352	
3384939    3859021	
3385136    3858444	
3385683    3859057	
3385729    3859127	
3385799    3859128	
3386523    3858696	
3386720    3858861	
3386859    3859138	
3386865    3859127	
3387337    3858276	
3387655    3858655	
3387912    3859035	
3388029    3858636	
3388500    3858356	
3388595    3858448	
3388806    3858827	
3388892    3858850	
3389070    3859190	
3389560    3858400	
3390168    3858259	
3390638    3859014	
3390806    3858745	
3391752    3859142	
3392217    3859023,3859024	
3392450    3858326	
3392579    3858447	
3392782    3858655	
3392984    3858947	
3393038    3859036	
3393087    3859131	
3393129    3859167	
3393822    3858495	
3393982    3859129	
3394608    3858454	
3394628    3858983	
3395049    3859139	
3395631    3858975	
3395652    3859019	
3395695    3858750	
3395741    3858713	
3396102    3859215	
3396514    3859174	
3396775    3859153	
3396792    3858654	
3397105    3858503	
3397494    3858887	
3398406    3858241	
3398487    3858274	
3398499    3858377	
3398698    3858486	
3398812    3858904	
3398976    3858734	
3399262    3859025	
3399434    3858991	
3399749    3858691	
3399796    3858740	
3400426    3859025	
3400650    3858435	
3400790    3858696	
3400822    3859215	
3400844    3858731	
3401431    3858311	
3401676    3858394	
3401808    3858732	
3402068    3858273	
3402503    3858875	
3402865    3858769	
3403330    3858724	
3403696    3858412	
3404515    3859064	
3404682    3858571	
3404703    3858602	
3404980    3859089	
3405454    3859174	
3405490    3858846	
3405803    3859206	
3405939    3858882	
3405986    3858409	
3406063    3859089	
3406271    3858785	
3406625    3858702	
3406936    3858933	
3406977    3858878	
3407063    3859086	
3407429    3858810	
3407640    3858540	
3407817    3858572	
3407949    3858784	
3408086    3858894	
3408318    3859123	
3408891    3858478	
3409119    3858765	
3410053    3858381	
3410518    3858841	
3410604    3858397	
3410626    3858977	
3411169    3858541	
3412696    3858534	
3413240    3859128	
3413665    3858256	
3413922    3858506	
3414093    3858693	
3414224    3858988	
3414423    3859111	
3415282    3858607	
3415543    3858995	
3416224    3859127	
3416447    3858511	
3416492    3858262	
3416578    3858321	
3416976    3859085	
3417543    3859062	
3417634    3858456	
3417853    3858710	
3418199    3858387	
3418295    3859099	
3418468    3859094	
3418572    3858737	
3418656    3859151	
3418664    3858249	
3419060    3858386	
3419296    3858994	
3419358    3858450	
3419900    3859139	
3420037    3858490	
3420221    3858567	
3421230    3858623	
3421446    3859008	
3421622    3859206	
3421794    3858397	
3421935    3859122	
3422525    3858540	
3422813    3858571	
3423178    3859077	
3423900    3858381	
3424085    3858511	
3424281    3858944	
3425235    3859069	
3425313    3858998	
3425545    3859206	
3425555    3859215	
3425717    3858915	
3425802    3859213	
3425914    3859174	
3426395    3858848	
3426473    3858807	
3426649    3858485	
3426931    3858741	
3427180    3859112	
3427868    3858438	
3428377    3858942	
3429414    3858704	
3429490    3859152	
3430765    3859207,3859208	
3430891    3858824	
3431136    3859120	
3431162    3858273	
3431166    3859125	
3431709    3859065	
3431841    3858508	
3432205    3858397	
3432282    3859072	
3432365    3859143	
3432399    3859174	
3433168    3859014	
3433683    3859132	
3433738    3859210	
3433831    3859175	
3434220    3858329	
3434870    3859124	
3434888    3859143	
3435649    3858425	
3435722    3858480	
3435835    3858551	
3435863    3858501	
3435899    3858655	
3435958    3858835	
3436095    3858260	
3436108    3858996	
3436113    3858728	
3436803    3859135	
3436804    3859058	
3436885    3858377	
3437184    3858696	
3437302    3858934	
3437307    3858839	
3438125    3858422	
3438401    3858617	
3438499    3859215	
3438875    3859193	
3439227    3858957	
3439711    3858611	
3440433    3858391	
3441092    3858665	
3441171    3858754	
3441495    3859197	
3442122    3858441	
3442123    3858441	
3442163    3858462	
3442478    3858836	
3442682    3859111	
3443112    3858391	
3443136    3858312	
3443374    3858848	
3443527    3858525	
3444051    3859174	
3444335    3858562	
3444689    3858393	
3444847    3858565	
3444922    3858643	
3445044    3858768	
3445080    3858831	
3445119    3858890	
3445151    3858340	
3445863    3858604	
3445882    3858271	
3446480    3858290	
3447201    3858857	
3447233    3859143	
3447805    3858882	
3447965    3859132	
3448373    3858651	
3448496    3859021	
3448823    3858676	
3449247    3858397	
3449295    3859097	
3449305    3859120	
3449466    3859123	
3449823    3858892	
3449877    3858377	
3449992    3858317	
3450224    3858675	
3450528    3859085	
3450646    3859211	
3451067    3858246	
3451850    3859142	
3452397    3858485	
3452592    3858445	
3452714    3858262	
3452828    3858665	
3452935    3858840	
3453017    3858728	
3453722    3859180	
3453927    3858479	
3453949    3858786	
3454109    3858661	
3454163    3859206	
3454176    3858675	
3454182    3858750	
3454466    3859166	
3455095    3858385	
3455261    3858542	
3456540    3858476	
3456641    3858577	
3456726    3858649	
3456970    3858988	
3457069    3859089	
3457075    3859094	
3457152    3859195	
3457695    3858380	
3458018    3858696	
3458052    3858989	
3458404    3859173	
3458874    3858252	
3459128    3859112	
3459299    3859207,3859208	
3459430    3858890	
3459603    3858306	
3459646    3859195	
3460245    3858310	
3460373    3858403	
3460719    3858762	
34608    3858326	
3461046    3859194	
3461502    3859015	
3461657    3858830	
3461669    3858675	
3461691    3858827	
3461704    3858424	
3461942    3859135	
3462035    3858742	
3462289    3859160	
3462906    3858373	
3462943    3858389	
3463046    3858479	
3463141    3858571	
3463456    3858850	
3463669    3859137	
3464263    3858436	
3464388    3858570	
3464579    3858752	
3464614    3858782	
3464654    3858432	
3464743    3858948	
3464912    3859196	
3464922    3859122	
3465217    3858509	
3465396    3859021	
3465740    3858566	
3465807    3858744	
3466126    3858340	
3466249    3859049	
3467090    3858571	
3467097    3858580	
3467098    3858577	
3467162    3859052	
3467546    3859046	
3467587    3859174	
3467765    3858911	
3468100    3858382	
3468377    3858656	
3468389    3858525	
3468474    3858795	
3468536    3858877	
3468603    3858972	
3468781    3858435	
3469058    3859003	
3469630    3858656	
3470014    3859120	
3470017    3859070	
3470030    3859181	
3470527    3858962	
3470694    3858393	
3470814    3858503	
3470817    3858511	
3470825    3858486	
3470828    3858521	
3470943    3858397	
3471215    3858577	
3471318    3859124	
3472058    3858429	
3472231    3858571	
3472539    3858989	
3472648    3859077	
3473357    3858472	
3473382    3858433	
3473483    3858517	
3473576    3858623	
3473640    3858613	
3475128    3858796	
3475286    3859172	
3475803    3858287	
3476201    3858674	
3476516    3858434	
3476601    3859138	
3477477    3858623	
3477581    3859215	
3477627    3858784	
3477852    3859093	
3477963    3859204	
3478504    3858385	
3478524    3858398	
3478722    3858745	
3479228    3859181	
3479675    3858942	
3479802    3859064	
3479880    3858450	
3480111    3858682	
3480120    3858695	
3480160    3859117	
3480226    3858968	
3480338    3858947	
3480339    3858948,3858949	
3480411    3859059	
3480513    3859174	
3480998    3859032	
3481251    3858396	
3481323    3858572	
3481446    3858705	
3481470    3859214	
3481877    3859132	
3482030    3858755	
3482121    3858440	
3482819    3858850	
3482837    3858877	
3483029    3859130	
3483798    3858485	
3484004    3858730	
3484012    3858743	
3484134    3858825	
3484318    3858514	
3485537    3858488	
3485621    3858973	
3485707    3858948	
3486006    3858705	
3486237    3858547	
3486579    3858364	
3487448    3858663	
3487667    3858919	
3487756    3859000	
3487817    3858562	
3488091    3858929	
3488502    3859179	
3488906    3858375	
3489410    3858877	
3489452    3858744	
3489525    3858450,3859051	
3490170    3858352	
3490367    3858513	
3490572    3858702	
3490783    3858895	
3490846    3858978	
3491431    3858991	
3491436    3858305	
3491522    3859064	
3491788    3858599	
3491850    3858677	
3492101    3859057	
3492110    3859076	
3492216    3859191	
3492662    3858724	
3492783    3858380	
3492850    3858425	
3493135    3858735	
3493258    3858728	
3493272    3858993	
3493273    3858432	
3493313    3859035	
3494014    3858297	
3494280    3858503	
3494359    3858580	
3494760    3859130	
3495584    3858576	
3495636    3858630	
3495869    3858938	
3496304    3858514	
3496840    3858780	
3496964    3858614	
3496967    3858311	
3497026    3858674	
3497056    3858473	
3497079    3858727	
3497308    3859033	
3498313    3858686	
3498379    3858656	
3498488    3858665	
3498627    3858898	
3498637    3858663	
3499629    3858847	
3499802    3859080	
3500139    3859127	
3501193    3858728	
3501232    3858972	
3502139    3859039	
3502332    3858875	
3502383    3858953	
3502470    3859099	
3502498    3859119	
3503079    3858246	
3503496    3858340	
3503636    3858912	
3503763    3859102	
3503853    3859173	
3504475    3858789	
3504861    3858806	
3505093    3859092	
3505597    3858439	
3506243    3858850	
3506320    3858951	
3506386    3859035	
3507123    3858925	
3507146    3858434	
3507277    3858583	
3507659    3859096	
3507915    3859175	
3508319    3858301	
3508517    3858644	
3508830    3858851	
3509619    3858286	
3510066    3858809	
3510182    3858950	
3510294    3859060	
3510337    3859119	
3510888    3858257	
3511001    3858887	
3511105    3858456	
3511199    3858539	
3511201    3858539	
3511263    3858735	
3511313    3858657	
3511583    3859012	
3511778    3859210	
3511888    3859201	
3512223    3858848	
3512324    3858372,3859000	
3512608    3858905	
3512682    3858760	
3512780    3858792	
3512857    3858528	
3513007    3859115	
3513028    3859181	
3513622    3858380	
3513808    3859118	
3513964    3858713	
3513985    3858528	
3514197    3858968	
3514263    3859052	
3515060    3858506	
3515147    3858593	
3515221    3858663	
3515427    3858931	
3515470    3858967	
3515566    3859109	
3516044    3858959	
3516365    3858525	
3516512    3858688	
3516513    3858688	
3516564    3858738	
3517650    3858697	
3517844    3858779	
3518061    3859052	
3518086    3859096	
3518979    3858566	
3519123    3858717	
3519157    3858738	
3519570    3858854	
3520641    3859012	
3520961    3858839	
3521560    3858508	
3521581    3858535	
3522832    3858637	
3522871    3858779	
3523489    3858780	
3523508    3858530	
3523599    3858458	
3524678    3858934	
3524701    3858966	
3525147    3858296	
3525234    3858407	
3525411    3858896	
3525620    3859096	
3525685    3859215	
3525702    3859181	
3525735    3858585	
3526191    3858514	
3526274    3858646	
3526430    3858935	
3527087    3858289	
3527677    3859175	
3528200    3858366	
3528345    3858666	
3528693    3858269	
3528893    3859143	
3529341    3858294	
3529590    3858570	
3529666    3858655	
3529938    3859217	
3530343    3859178	
3530488    3858264	
3530721    3858450	
3530772    3858780	
3530794    3858514	
3531670    3858308	
3532318    3858835	
3532369    3858989	
3532541    3859130	
3532970    3858724	
3533242    3858925	
3533284    3858442	
3533339    3858973	
3533362    3858528	
3533470    3858657	
3533674    3858963	
3533796    3859099	
3533861    3859126	
3534234    3859178	
3534986    3858911	
3535884    3858402	
3535890    3859073	
3536150    3858671	
3537297    3859209	
3537301    3858442	
3537701    3858867	
3537736    3858989	
3537739    3858917	
3537892    3859128	
3537921    3858304	
3538763    3858443	
3538865    3858533	
3538981    3858641	
3539142    3858935	
3539295    3859158	
3540200    3858385	
3540201    3858385	
3540556    3858696	
3540565    3858706	
3540750    3858896	
3540984    3859169	
3541588    3858402	
3541687    3858855	
3541977    3858723	
3541994    3858555	
3542015    3858578	
3542023    3858582	
3542306    3858968	
3542600    3859135	
3543522    3858399	
3543560    3858430	
3543636    3858630	
3543987    3858780	
3544148    3858921	
3544185    3858530	
3545075    3858892	
3545078    3858285	
3545128    3858887	
3545468    3858794	
3545796    3858990	
3546077    3858609	
3546675    3859129	
3546715    3858250	
3547245    3858706	
3547467    3858930	
3547584    3859158	
3548420    3858379	
3548689    3858462	
3548936    3858648	
3548959    3858671	
3549025    3858736	
3549212    3858946	
3549216    3858432	
3549424    3859144	
3549466    3859131	
3550322    3858363	
3550339    3858374	
3550371    3858802	
3550403    3858417	
3550966    3858946	
3551038    3858829	
3551076    3859011	
3551154    3859099	
3551219    3858551	
3551750    3858958	
3551954    3859028	
3552098    3859066	
3552128    3858397	
3552333    3858535	
3552533    3859160	
3552566    3859214	
3552698    3858997	
3552794    3858728	
3552872    3859006	
3552930    3858434	
3552950    3859082	
3553015    3859132	
3553261    3859175	
3553737    3858245	
3553813    3858295	
3553924    3858365	
3554095    3858487	
3554117    3858504	
3554347    3858702	
3554878    3859182	
3555483    3858404	
3555674    3858318	
3555689    3858651	
3555754    3858364	
3555866    3858422	
3555963    3858286	
3556004    3858507	
3556084    3858574	
3556221    3858657	
3556435    3858829	
3556509    3858777	
3556648    3858969	
3556791    3858510	
3557384    3858241	
3557536    3859067	
3557590    3858422	
3557600    3858432	
3557750    3858262	
3558026    3858857	
3558139    3858787	
3558356    3859141	
3558376    3858549	
3558479    3859201	
3558516    3859047	
3559381    3859064	
3559449    3858430	
3559693    3858616	
3559820    3858832	
3559880    3858796	
3559980    3858867	
3560448    3858387	
3561071    3858992	
3561099    3858428	
3561428    3858576	
3561457    3858591	
3561659    3858778	
3562509    3859005	
3562800    3859202,3859203,3859204	
3563160    3858496	
3563270    3858903	
3563525    3858925	
3563581    3858990	
3563839    3859152	
3563874    3859191	
3563878    3859197	
3564705    3858308	
3564801    3859000	
3564911    3858442	
3565001    3858507	
3565106    3858604	
3565350    3859206	
3565531    3858983	
3565634    3859217	
3565731    3858819	
3566302    3859072	
3566461    3859177	
3566546    3858361	
3566647    3858422	
3566711    3858695	
3566905    3858599	
3567525    3859130	
3567549    3859071	
3568254    3859028	
3568857    3858729	
3568951    3858827	
3570182    3858375	
3570421    3858534	
3570613    3858670	
3571947    3858351	
3572102    3858442	
3572322    3858574	
3572375    3858604	
3572452    3858670	
3572572    3858780	
3573034    3859083	
3573170    3858854	
3573346    3858992	
3573980    3859129	
3573990    3859137	
3574177    3859189	
3574238    3858243	
3574394    3858933	
3574884    3858787	
3574897    3859020	
3574985    3858377	
3575025    3858422	
3575353    3859205	
3575852    3859210	
3576152    3858488	
3576293    3858804	
3576659    3859113	
3576760    3859169	
3577094    3858963	
3577512    3859169	
3577876    3858389	
3577910    3858503	
3577916    3858508	
3578129    3858702	
3578136    3858705	
3578233    3858866	
3579343    3859098	
3579610    3859123	
3579684    3858262	
3579815    3859127	
3580060    3858442	
3580273    3858751	
3580428    3858765	
3580597    3858895	
3580620    3858989	
3580622    3858918	
3580655    3858963	
3580665    3858968	
3581379    3858297	
3581649    3858627	
3581814    3858752	
3581823    3858657	
3581895    3859214	
3582033    3858934	
3582118    3858270	
3582154    3858948	
3583041    3858283	
3583052    3858846	
3583066    3859177	
3583093    3858352	
3583530    3858904	
3583815    3858327	
3584267    3859148	
3584362    3858294	
3584500    3858436	
3584571    3859113	
3585237    3859052	
3585346    3858784	
3586086    3858633	
3586178    3858827	
3587760    3858672	
3588039    3858841	
3588138    3858896	
3588249    3858984	
3588720    3858446	
3588980    3858428	
3589117    3858660	
3589171    3858435	
3589271    3858569	
3589300    3858521	
3589336    3858553,3859148	
3589364    3858585	
3589431    3858639	
3589586    3858780	
3589623    3858813	
3589660    3858996	
3589880    3859160	
3590172    3858694	
3590474    3858991	
3590479    3859180	
3590549    3858526	
3590624    3858432	
3590700    3858489	
3590726    3858495	
3590743    3858518	
3590749    3859020	
3590918    3858627	
3591037    3858753	
3591168    3858869	
3591293    3858983	
3591398    3859115	
3591434    3859156	
3591464    3859191	
3591572    3859189	
3591980    3858491	
3592155    3858402	
359222    3858618	
3592266    3858658	
3592369    3858768	
3592646    3859099	
3593812    3858670	
3594213    3859125	
3594699    3858957	
3594838    3858263	
3594847    3858733	
3595074    3858443	
3595477    3858805	
3596330    3858991	
3596633    3858546	
3596718    3858444	
3596724    3858670	
3597012    3858945	
3597172    3859061	
3597202    3859099	
3597300    3858622	
3598169    3858641	
3598506    3859012	
3599454    3858920	
3599565    3858507	
3599628    3858574	
3599715    3858655	
3599889    3858820	
3599894    3858968	
3600119    3859036	
3600240    3859148	
3600876    3858384	
3601095    3858554	
3601302    3858783	
3601313    3859005	
3601877    3858246	
3602157    3858527	
3602375    3858928	
3602754    3858284	
3602756    3858284	
3602972    3858296	
3602981    3859180	
3603354    3858623	
3603620    3858913	
3603638    3858934	
3603642    3858937	
3603709    3859035	
3604375    3858532	
3604400    3858556	
3604517    3858662	
3604584    3859117	
3604758    3858943	
3605251    3858687	
3605947    3858687	
3606034    3858746	
3606404    3858355	
3606428    3858921	
3606528    3858970	
3606627    3858264	
3606633    3859016	
3606779    3858421	
3606986    3858551	
3607079    3859051	
3607574    3859062	
3607655    3858492	
3607735    3859215	
3608062    3858807	
3608095    3858245	
3608111    3858260	
3608118    3858263	
3608299    3858387	
3608317    3858398	
3608476    3858504	
3608482    3858507	
3608488    3858514	
3608525    3858556	
3608545    3858574	
3608711    3858721	
3608809    3858468	
3608972    3858708	
3609263    3858748	
3609772    3858249	
3610160    3858518	
3610447    3858734	
3610482    3858765	
3610658    3858905	
3610672    3858926	
3610756    3858979	
3611188    3859073	
3611292    3858797	
3611446    3858249	
3611447    3858249	
3611507    3858278	
3611558    3859177	
3611885    3858489	
3612013    3858561	
3612027    3858879	
3612296    3858729	
3612341    3858754	
3612497    3859172	
3612548    3858890	
3612783    3858680	
3612966    3858440	
3613316    3858287	
3613525    3858490	
3613786    3858652	
3613853    3858444	
3613938    3858756	
3613968    3858768	
3614113    3858947	
3614197    3859103	
3614237    3858981	
3614915    3859000	
3614993    3858688	
3615049    3858781	
3615319    3859073	
3615743    3859124	
3615993    3858514	
3616015    3859094	
3616346    3859186	
3616370    3858510	
3616380    3858304	
3616960    3858751	
3617865    3858737	
3618671    3858662	
3618711    3859013	
3618714    3858700	
3618925    3858772	
3619070    3858983	
3619968    3859062	
3620240    3858603	
3620303    3858654	
3620534    3858884	
3620736    3859099	
3620841    3859129	
3620931    3859192	
3621657    3858390	
3621837    3858245,3858247	
3621898    3858501	
3622034    3858747	
3622392    3859137	
3623220    3858309	
3623459    3858561	
3623553    3858656	
3623587    3858509	
3623679    3858968	
3623921    3858303	
3624018    3858657	
3624467    3859127	
3624888    3858295	
3625190    3858564	
3625541    3858930	
3626015    3859188	
3626040    3859071	
3626542    3858267	
3626602    3858331	
3626654    3858526	
3626715    3858407	
3626857    3858518	
3627096    3858703	
3627379    3858937	
3627391    3858950	
3627427    3858981	
3627443    3858290	
3628226    3858428	
3628621    3858674	
3628753    3858829	
3628780    3858862	
3628799    3858890	
3628845    3858274	
3629142    3859049	
3629256    3859076	
3629857    3858799	
3630163    3858541	
3630310    3858676	
3630389    3858735	
3630392    3858731	
3630549    3858995	
3630557    3858916	
3631631    3858360	
3631806    3858518	
3631847    3858581	
3632056    3858824	
3632057    3858825	
3632258    3859027	
3632431    3858553	
3633866    3858839	
3633869    3858841	
3634056    3859072	
3634889    3858241	
3635219    3858583	
3635365    3858675	
3635420    3858825,3858826	
3635565    3858984	
3635667    3859044	
3635776    3859156	
3636519    3858799	
3636917    3858547	
3637294    3858977	
3637354    3859061	
3637938    3858679	
3638163    3858958	
3638197    3858703	
3638286    3858282	
3638372    3858375	
3638418    3858389	
3638434    3858400	
3638532    3858781	
3638586    3858527	
3638771    3858459	
3638973    3858578	
3639016    3858950	
3639197    3859160	
3640059    3858385	
3640147    3859001	
3640396    3859068	
3640582    3858941	
3640770    3859142	
3641073    3859122	
3641585    3858514	
3641592    3858248	
3642005    3858572	
3642020    3858608	
3642120    3858473	
3642195    3858791	
3642523    3858635	
3643505    3858649	
3643629    3858514	
3643655    3858578	
3644118    3859099	
3644168    3858877	
3644762    3858521	
3644869    3858956	
3645218    3858533	
3645314    3858633	
3645356    3858680	
3645632    3858982	
3645896    3858657	
3646352    3858851	
3646723    3858382	
3646896    3858529	
3646931    3858574	
3646995    3858649	
3647011    3858456	
3647023    3858905	
3647443    3859099	
3647730    3858303	
3648327    3858274	
3648405    3858353	
3648557    3858475	
3648629    3858534	
3649126    3858976	
3649227    3859059	
3649451    3859166	
3649469    3859174	
3649484    3859183	
3649505    3859191	
3650018    3858286	
3650078    3858364	
3650102    3859138	
3650282    3858860	
3650430    3858721	
3650598    3859103	
3650830    3859172	
3650844    3859143	
3650908    3859177	
3650925    3859195	
3651162    3859201	
3651163    3859201	
3651740    3858780	
3651771    3858533	
3651981    3858756	
3652112    3858921	
3652114    3858923	
3653066    3858514	
3653294    3858479	
3653513    3859214	
3653930    3859101	
3653933    3859103	
3654564    3858446	
3654788    3858422	
3655005    3858673	
3655449    3859137	
3655463    3858308	
365584    3858639	
3656517    3858497	
3656551    3858657	
3656975    3859101	
3657082    3859187	
3657161    3859162	
3657332    3859175	
3657457    3858872	
3657930    3859012	
3658357    3858896	
3658400    3858955	
3658534    3859092	
3658575    3859124	
3658585    3858548	
3659546    3858541	
3659562    3859013	
3659602    3858582	
3659738    3858747	
3659934    3858970	
3660080    3859082	
3660174    3859147	
3660229    3859166	
3660260    3859188	
3660931    3858353	
3661147    3858574	
3661449    3858974	
3662395    3858514	
3662593    3858436	
3662689    3858521	
3662914    3858747	
3662916    3858753	
3662958    3858762	
3663152    3859037	
3663208    3859080	
3663314    3859146	
3663316    3859146	
3664114    3858386	
3664260    3858513	
3664415    3858649	
3664422    3858658	
3664600    3858824	
3664602    3858827	
3664645    3858814	
3665804    3858481	
3666024    3858666	
3666029    3858670	
3666080    3858712	
3666085    3858473	
3666103    3859215	
3666184    3858809	
3666340    3858752	
3666347    3859103	
3666596    3858776	
3666632    3859175	
3667240    3858402	
3667340    3858479	
3667785    3858913	
3668302    3859124	
3668705    3858242	
3668900    3858417	
3668904    3858415	
3669064    3858550	
3669067    3858550	
3669113    3858583	
3669158    3859158	
3669403    3858945	
3669480    3858933	
3669658    3859099	
3669767    3859148	
3670446    3858343	
3670489    3858386	
3670728    3858580	
3670861    3858703	
3671078    3858943	
3671079    3858943	
3671411    3859187	
3672026    3858296	
3672698    3858902	
3672936    3859160	
3673710    3858334	
3673765    3859062	
3674036    3858587	
3674223    3858827	
3674359    3858409	
3674368    3858978	
3674656    3859194	
3674674    3859184	
3675242    3858341	
3675252    3858597	
3675424    3858644	
3675508    3858455	
3675642    3858571	
3675700    3858633	
3675729    3858667	
3676109    3859079	
3676980    3858365	
3677178    3859090	
3677298    3858606	
3677387    3858509	
3677423    3859038	
3677436    3858723	
3677444    3859012	
3677451    3858774	
3677567    3858663	
3677920    3858510	
3678570    3859144	
3678942    3858591	
3679000    3858652	
3679009    3858670	
3679128    3858796	
3679590    3859044	
3680542    3858571	
3680704    3859215	
3680732    3858747	
3680753    3858416	
3680854    3858490	
3680869    3858881	
3680913    3858904	
3680997    3859032	
3681255    3859049	
3681785    3858243	
3681796    3858257	
3681898    3859068	
3682297    3858720	
3682373    3858793	
3682394    3858809	
3682466    3858947	
3682703    3859142	
3683212    3859012	
3684236    3858844	
3684611    3858243	
3684720    3859132	
3685034    3858554	
3685100    3858277	
3685428    3858491	
3685445    3858512	
3685593    3858666	
3685734    3858807	
3685936    3859029	
3685978    3859070	
3686767    3858823	
3686837    3859068	
3686867    3858395	
3687036    3858829	
3687197    3858654	
3687388    3858820	
3687721    3859122	
3688398    3858313	
3688400    3858313	
3688419    3858528	
3688492    3858388	
3688941    3858752	
3688943    3858810	
3689032    3858850	
3689541    3859175	
3689753    3858561	
3689976    3858296	
3689998    3858313	
3690115    3858598	
3690265    3858517	
3690428    3858697	
3690571    3859206	
3690607    3858831	
3690674    3858880	
3690676    3858878	
3690723    3858932	
3690835    3858435	
3690890    3859098	
3690941    3859124	
3690964    3859148	
3690965    3859148	
3691641    3858289	
3691655    3858892	
3691689    3858359	
3691759    3858391	
3691863    3858675	
3691872    3858459	
3692419    3859007	
3692592    3858553	
3693544    3858287	
3693829    3858810	
3694018    3858925	
3694338    3859193	
3694819    3858247	
3694825    3858251	
3695187    3858723	
3695219    3858550	
3695339    3858639	
3695414    3858721	
3695439    3859215	
3695662    3858919	
3695690    3858256	
3695734    3858946	
3695877    3858510	
3695926    3859124	
3696074    3858387	
3696303    3858561	
3696741    3859110	
3696744    3858511	
3696806    3858582	
3696868    3858650	
3696890    3858626	
3696965    3858810	
3697105    3858919	
3697125    3858931	
3697191    3859005	
3697192    3858290	
3697256    3858535	
3697258    3859080	
3697865    3858289	
3697929    3858959	
3698079    3858309	
3698104    3858528	
3698151    3858381	
3698267    3858468	
3698397    3858570	
3698587    3859142	
3698663    3858831	
3698682    3858841	
3698909    3859097	
3698947    3859127	
3699462    3858446	
3699746    3859062	
3699902    3858527	
3699969    3858245	
3700133    3858741	
3700135    3858747	
3700264    3858909	
3701219    3858361	
3701345    3858581	
3701512    3858856	
3701599    3858607	
3701632    3858435	
3702281    3859166	
3702586    3858508	
3703411    3859129	
3703954    3858292	
3703981    3858780	
3704147    3859106	
3704176    3859120	
3704225    3859122	
3704699    3858563	
3705312    3858307	
3705763    3858968	
3705779    3859025	
3705825    3859148	
3706104    3858248	
3706165    3858491	
3706241    3858302	
3706315    3858588	
3706341    3858654	
3706485    3858965	
3706549    3859078	
3707004    3858242	
3707128    3858533	
3707195    3858651	
3707364    3859074,3859075	
3707998    3858733	
3708061    3858720	
3708110    3858796	
3708203    3858834	
3708987    3858402	
3709086    3858529	
3709144    3858506	
3709222    3858572	
3709300    3858658	
3709626    3859006	
3709690    3859096	
3709706    3859106	
3710303    3858957	
3710569    3858394	
3710754    3858545	
3710865    3858658	
3710874    3858444	
3711165    3858948	
3711212    3859001	
3711931    3858299	
3712119    3858437	
3712181    3858488	
3712212    3858509	
3712237    3858520	
3712646    3858600	
3712700    3858955	
3712825    3858400	
3713127    3858439	
3713523    3858509	
3713708    3858946	
3713775    3858795	
3713779    3859050	
3714311    3859025	
3714556    3858724	
3714664    3858514	
3714933    3858565	
3714984    3858648	
3715662    3858959	
3716008    3858539	
3716328    3859045	
3716913    3858848	
3716990    3858395	
3717054    3858467	
3717072    3858488	
3717102    3858520	
3717140    3858574	
3717571    3859200,3859202,3859203,3859204	
3717915    3859058	
3717949    3858348	
3718081    3858491	
3718277    3858792	
3718301    3858968	
3718326    3858863	
3718539    3859166	
3718965    3858299	
3719014    3858377	
3719058    3858405	
3719084    3859209	
3719308    3858569	
3719376    3858990	
3719388    3858937	
3719490    3859092	
3719548    3859157	
3719748    3859212	
3719862    3858440	
3720045    3859005	
3720066    3858402	
3720176    3858723	
3720433    3858926	
3720533    3858262	
3721232    3858379	
3721612    3859177	
3721626    3859132	
3721940    3858958	
3722544    3858603	
3722824    3858824	
3722954    3858935	
3722960    3858945	
3722961    3858949	
3723190    3858306	
3723228    3858869	
3723364    3859162	
3723607    3859158	
3723824    3858509	
3724096    3858331	
3724121    3858348	
3724584    3858523	
3724760    3858252	
3725126    3859129	
3725205    3859174	
3726166    3858472	
3726243    3858539	
3726307    3858598	
3726392    3858714	
3726436    3858767	
3726448    3858768	
3726512    3858565	
3726724    3859146	
3726800    3859044	
3727442    3858432	
3727774    3858730	
3727892    3858856	
3728056    3858857	
3728091    3859064	
3728667    3858959	
3729110    3858740	
3729227    3858937	
3729295    3859061	
3729340    3859124	
3730382    3858748	
3730450    3858820	
3730661    3859019	
3731335    3858265	
3731519    3858426	
3731624    3858513	
3731679    3858572	
3731686    3858585	
3731740    3858648	
3731791    3858853	
3731965    3858917	
3732027    3858484	
3732104    3859100	
3732954    3858691	
3733219    3859133	
3733527    3858304	
3733804    3858389	
3734224    3858675	
3734241    3858690	
3734550    3858375	
3735718    3858539	
3735731    3858869	
3735783    3858621	
3735897    3858758	
3736040    3858963	
3736160    3859106	
3736162    3859106	
3736601    3858254	
3736880    3858521	
3736989    3858664	
3737292    3859073	
3737626    3858645	
3737838    3858961	
3738123    3858417	
3738434    3858401	
3738577    3858811	
3738714    3858949	
3738732    3858965	
3739512    3858341	
3739518    3858345	
3739848    3858656	
3740037    3858885	
3740161    3859001	
3740843    3858316	
3741305    3858649	
3741455    3858782	
3741496    3858824,3858826	
3741706    3859029	
3741852    3858528	
3743115    3858736	
3743266    3858665	
3743349    3858932	
3743547    3859056	
3744099    3858281	
3744238    3858388	
3744280    3858923	
3744360    3858476	
3744363    3858321	
3744443    3858954	
3744450    3859066	
3744655    3858741	
3744671    3858810	
3744715    3858565	
3744716    3858565	
3745126    3859153	
3745305    3858643	
3745314    3858797	
3745696    3858352	
3745794    3858417	
3746160    3858526	
3746390    3858936	
3746506    3859187	
3746572    3859124	
3747411    3858449	
3747512    3858502	
3747542    3858534	
3747611    3858594	
3747713    3858691	
3747843    3858795	
3747990    3858945	
3748003    3858950	
3748132    3859099	
3748261    3859199	
3748278    3858805	
3748466    3858832	
3748652    3858799	
3748663    3858249	
3748799    3858676	
3748885    3858426	
3749031    3858533	
3749081    3859041	
3749622    3858503	
3750201    3858862	
3750410    3858399	
3750572    3858511	
3750767    3858667	
3751130    3858954	
3751160    3858971	
3751785    3858301	
3752084    3858832	
3752190    3858610	
3752462    3858925	
3752537    3858946	
3752726    3859054	
3753023    3858955	
3753794    3859144	
3753833    3858819	
3753901    3859210	
3754060    3858392	
3754635    3858711	
3754710    3858812	
3755088    3859173	
3755824    3858245,3858247	
3755838    3858260	
3755915    3858499	
3756377    3858359	
3756627    3858909	
3756990    3859042	
3757398    3858287	
3757614    3858464	
3757618    3858474	
3757818    3858606	
3757826    3858614	
3757861    3858655	
3758063    3858834	
3758151    3858932	
3758294    3859083	
3759557    3858923	
3759711    3859099	
3759805    3859187	
3760825    3858595	
3760881    3858658	
3761299    3859097	
3761314    3859133	
3761379    3859184	
3762110    3858364	
3762221    3858446	
3762620    3858781	
3762754    3858728	
3762884    3859061	
3762956    3859141	
3763442    3859072	
376365    3858524	
3763932    3858650	
3764386    3859134	
3765989    3859156	
3766893    3858558	
3767004    3858680	
3767051    3859214	
3767230    3858966	
3767232    3858912	
3767292    3858966	
3767394    3859094	
3767455    3859115	
3767481    3859178	
3767515    3858869	
3767537    3859194	
376791    3858478	
3768101    3858474	
3768102    3858571	
3768143    3858302	
3768550    3858291	
3768560    3858656	
3768731    3858800,3858801	
3769963    3858577	
3770611    3859197	
3771436    3858503	
3771876    3858984	
3772236    3859120	
3772911    3858441	
3773207    3858756	
3773219    3858758	
3773247    3858788	
3773368    3858916	
3774293    3858782	
3774478    3858302	
3774837    3858789	
3774853    3859206	
3774979    3858949	
3775115    3859090	
3775825    3858293	
3776228    3858576	
3777479    3858390	
3777482    3858390	
3777875    3858716	
3778127    3858284	
3778365    3859200	
3778753    3858961	
3779083    3859051	
3779314    3858648	
3779443    3858778	
3780541    3858415	
3780587    3858561	
3780674    3858532	
3780707    3858558	
3780711    3858561	
3780715    3858564	
3780943    3858806	
3781066    3858947	
3781067    3858949	
3781523    3858415	
3781532    3858416	
3782472    3858654	
3782700    3858857	
3783510    3858315	
3783752    3858490	
3783825    3858553	
3785050    3858298	
3785235    3858471	
3785553    3858798	
3785554    3858406	
3785559    3858620	
3785948    3859191	
3786554    3858992	
3786563    3858315	
3786879    3858670	
3787884    3858703	
3788399    3858656	
3789998    3858728	
3790011    3858927	
3790090    3858809	
3790380    3859092	
3790382    3859090	
3790509    3859162	
3790992    3858282	
3791041    3859002	
3791246    3858475	
3791295    3858511	
3791344    3858553	
3791465    3858670	
3791723    3858968	
3791937    3859192	
3792886    3858918	
3792954    3859018	
3793041    3859106	
3793249    3859097	
3794570    3859185	
3795037    3858958	
3795089    3859067	
3795301    3858710	
3795884    3858958	
3798907    3859007	
3798921    3858407	
3798923    3858765	
3799304    3858460	
380082    3858612	
3801078    3858565	
3804060    3858553	
3804093    3858584	
3804164    3858648	
3804491    3858965	
3805159    3858959	
3805383    3858317	
3805747    3858558	
3806138    3858891	
3807400    3858583	
3807959    3859051	
3809020    3858394	
3810318    3858337	
3810366    3858407	
3811504    3858656	
3811505    3858656	
3811507    3858656	
3815160    3858597	
3817025    3858388	
3817731    3859103	
3820386    3858289	
3820770    3858861	
3822586    3858439	
3823735    3858605	
3823773    3858649	
3824850    3858649	
3827399    3858553	
385391    3858705	
402982    3858567	
407291    3858811	
407559    3858846	
411504    3858551	
411683    3858373	
422583    3858601	
427346    3858664	
43095    3858505	
435626    3858701	
438903    3858593	
447475    3858325	
447605    3858835	
456208    3858368	
461649    3858462	
466846    3858276	
474120    3858480	
486762    3858835	
495036    3858400	
496329    3858520	
497917    3858334	
498760    3858582	
500490    3858504	
50223    3858868	
506261    3858463	
509580    3858824	
509722    3858798	
510747    3858871	
513106    3858844	
517823    3858999	
518775    3858480	
520881    3858593	
520994    3859173	
528419    3858763	
531060    3858334	
532632    3858772	
54581    3858559	
549161    3858590	
553547    3858553	
554300    3858360	
55828    3858278	
562264    3858883	
564513    3858464	
569990    3858749	
572327    3858739	
579513    3858602	
583825    3858453	
584278    3858603	
584814    3858466	
585264    3858629	
586618    3858604	
590584    3858612	
592858    3858664	
595218    3858924	
596217    3858374	
598711    3858462	
601472    3858603	
607854    3858411	
608377    3858644	
612190    3859116	
617406    3858592	
618859    3858466	
625739    3858497	
628632    3858664	
637375    3858466	
642978    3858442	
647988    3859065	
649848    3858590	
656039    3858883	
656187    3858992	
662077    3858453	
665224    3858620	
667363    3858938	
668720    3858372	
671495    3858453	
676984    3858993	
678199    3859008	
679201    3858686	
679365    3858455	
684995    3858746	
685851    3858915	
689778    3858320	
692137    3858520	
696068    3858429	
717009    3859116	
717400    3858464	
718594    3858579	
721424    3858727	
72573    3858504	
732540    3858342	
733470    3858272	
738750    3859063	
739450    3858881	
747749    3858429	
752213    3858537	
758222    3859067	
760101    3858803	
766725    3858317	
773276    3858999	
773612    3858369	
777140    3858826	
777409    3858281	
780832    3858763	
781678    3859011	
785396    3858999	
786586    3858419	
789782    3858693	
800450    3858701	
800740    3858601	
812049    3858480	
812107    3858921	
813743    3858475	
822723    3858288	
823522    3858695	
828894    3858362	
830016    3858320	
835150    3858567	
836303    3858882	
839059    3858803	
842965    3858266	
843996    3858843	
852450    3858375	
852500    3859105	
856835    3858804	
871879    3858866	
871932    3858860	
872837    3858495	
873997    3858423	
875264    3858601	
875775    3858887	
877894    3858630	
885596    3858465	
885959    3858713	
888614    3858917	
895256    3858517	
899103    3858570	
900880    3858986	
904860    3858420	
907248    3858843	
91023    3859012	
911664    3858849	
912005    3858524	
912131    3858453	
914528    3858749	
918934    3858453	
923830    3858888	
924225    3858527	
926218    3858808	
926304    3858570	
928265    3858614	
932188    3858843	
933962    3858369	
936725    3858746	
938917    3858929	
944312    3858725	
944773    3858898	
949388    3858815	
949839    3858995	
951472    3858324	
952121    3858843	
952743    3858843	
954692    3858999	
956203    3858241	
956259    3858464	
956756    3858736	
957631    3858560	
958857    3858495	
963883    3858531	
974502    3858456	
975868    3859033	
979734    3858811	
982044    3859029	
985053    3859172	
986116    3858559	
993689    3858909	
993904    3858642	
